21040
239144
8210
392073
1540
858646487
13856
49434009
1027
6987003
2566
0
0
513
0
540517947
11786815
1026
514
87754
54398
1087437
513
163192
1539
78834333
1027
513
1636545
11499945
1400937484
374111
513
228881
33870
0
0
12220969
2092765
1027
626085
6978793
513
0
56450
514
11164322
1424632740
6893091
18332480
1539
1027
5132
2052
0
513
29586609
237604
513
11402440
664060
29882203
1614990
2630069
4347697
513
0
0
1412706339
48576478
371545
513
0
33357
1434265721
330271505
1540
513
90833
237091
1643216
543992204
88780
83468899
1026
4530904
5645
146771
0
21554
55937
4909633
345554131
30048988
55424
2681388
11221286
513
513
1477068363
221752545
1539
513
0
2053
82535417
9238
2053
5132
513
5645
2052
1026
1131058
3079
513
87242
12331303
1027
513
1027
4284062
21554
1061265
78331926
11340345
1437172909
14370
18264226
5645
18108731
884929216
77961920
1033553
33870
1026
0
207703613
5645
370519
544354512
31176967
4409279
513
335621451
1540
78536173
14369
7014202
513
11573843
331535991
1595490
1461246381
30938850
1027
4259429
1008920
2639306
4413898
1442647045
1026
403363
885686164
1026
0
11483523
0
0
2053
513
4291246
7056283
970944
141639
513
47961683
18176985
2053
2632122
78938509
339344602
4354882
1054081
0
4730532
13343
0
87755
0
0
338880684
2714744
207824725
88780
54397
513
514
0
141639
0
1773565
0
1683244
0
217210351
91347
12093186
1410992303
3079
3079
1003275
0
4273285
1405944624
156522
1429188276
332227763
1027
229393
54398
79186377
1026
7568441
142665
513
11776038
1642702
6948002
8725
128265263
572200
1462649940
330961225
4538088
8210
513
871156378
4733612
35410
1402502697
29846281
996090
513
0
0
1539
1400400694
11432205
1627820
3080
0
1604727
1449356929
1027
1620636
547929867
1027
90320
11350096
1026
146257
0
6897709
0
514
90833
620439
514
125871771
204870837
1026
23437636
737959
2637254
970431
33357
653796
127882427
553072485
14369
236578
13343
11147900
382836
47808241
2053
2053
11363438
1026
5645
1009946
886082341
3079
0
513
2632122
56451
21554
876289247
1027
0
0
1027
11335726
4106
229393
1409876641
2647004
513
7345205
5131
0
1420272727
1027
215625638
1394558092
13856
514
582977
17988133
1066397
0
0
0
33357
513
87754
513
394639
229393
2571566
12830
513
996090
530046422
18054334
8211
514
228880
21040
8211
12131675
48013002
142152
3592
513
12830
12830
200854143
322397720
1026
0
141639
599913
0
2619292
8211
54398
4619
0
860511398
371546
253513
54397
513
0
0
87755
0
328274192
142152
2053
519343966
360255
327016891
5645
3079
7547400
1026
141639
33357
862616993
1026
4105
3079
204078480
1026
1632952
1027
2667531
391560
13343
90834
4558102
31818
11140716
54398
1539
12830
21040
48062781
1594463
387454
5132
513
0
8211
514
0
141639
0
1540
513
0
1027
1618583
1403470562
1540
11623110
1017644
0
2053
90834
0
55937
21554
513
4419029
125622364
4585814
514
0
54398
33870
18494646
864601477
7365220
383349
513
4619
18848230
14369
872175050
1026
513
82525153
1627820
21554
1539
89904743
83193832
33961505
2566
513
0
513
11728825
85333298
9238
341115601
47694314
543860315
1540
354378334
1620636
0
599399
21041
79868399
553569761
1026
0
337079407
1631926
513
80641767
625058
651230
0
0
53982361
2566
903194982
6930553
13856
2053
720511
513
684074
29056491
513
17796716
0
8211
28896890
6801743
2052
513
513
0
1026
8211
8211
11026277
1374233431
255053
0
0
77373298
45674
0
1027
513
4372843
323324531
11240274
2053
5132
370519
513
141639
347885527
49779
21554
256640860
5132
32012945
51832
513
1540
13856
147284
513
513
21554
29564543
34384
536819941
9238
0
513
78175405
3079
513
513
13343
394639
6939277
619926
1540
21553
639941
1026
0
513
335748721
6672
4401068
641480
1679652
8724
513
11441955
396178
93400
533271272
55424
1002249
1540
0
21040
0
400797
87755
228881
3079
2641359
49953351
214411445
1540
0
29831912
30555501
228880
853893374
34383
370519
11667243
201519744
3079
13343
513
2053
0
126603572
4782364
1539
3080
866817406
1026
6921316
1620122
208176257
40028
535809994
6158
0
0
141639
1002762
513
513
0
513
48762251
2053
1005328
513
371033
1026
47489555
142152
513
513
1425630370
627112
0
513
18140549
1733023
7044992
1026
8211
620953
77789490
1027
236578
513
6921829
1027
206656718
9238
513
439286
214673169
18388417
873329714
1540
119572
0
874117452
54910
1539
1401129416
1027
0
0
34897
18132338
56964
146257
125502280
77894180
2652136
8724
18299636
56964
215422418
14370
0
874294500
1540
513
0
636349
937572166
1649374
0
1539
2053
4268666
513
30490840
2647517
513
514
0
0
357989098
39002
581951
42287405
1540
513
15155869
135480120
1026
557921049
49599767
211495532
34384
513
21040
913366294
1026
691772
153595522
6672
2920018
1506353733
14369
205588268
56963
513
0
13343
4510376
1697614
55937
0
3079
0
29734406
471616
6992648
147284
513
1018158
1027
18765607
11410651
1026
3593
236578
1026
0
383348
620953
344511854
32087869
1427173002
1026
11317252
2585935
7611549
21553
0
7511991
1026
337163056
1026
1004302
1421572622
93913
13343
18965749
1735589
90834
18456670
513
1653993
514
370519
2052
0
6914131
0
1000196
3079
20528
424403
406955
1026
794409
513
0
0
34383
872065741
18437169
360983014
7742923
57314979
13856
410548
4444175
33870
538564767
1539
514
99044
1036119
513
0
903961166
2854330
127579136
9237
647639
1454280418
30219366
1446497980
34383
513
370519
2664966
18618323
1026
130995403
385401
513
5132
1636032
513
3079
5132
2053
2707560
390533
894387201
4105
1690942
624545
48111533
9751
1026
684075
513
513
125626470
1027
8724
1626281
4279443
0
55937
34897
34383
0
56450
13343
4277390
18064598
146771
3080
2639306
5132
0
3593
513
13343
623006
1008407
55937
0
343117532
2874858
383862
22067
21554
90321
885965335
4106
4269179
513
331646839
872805240
1026
7222554
56450
0
1038172
0
21553
339937330
2053
6900788
45673
1027
248381
1592924
640967
77835163
4274824
513
0
0
33870
12830
513
548261383
4400042
51636595
2566
885438296
45673
513
55937
4487796
513
0
0
90834
187825
126773950
1540
5132
514
11217181
370519
127147034
230420
870824348
1026
76092903
4105
513
1026
514
513
4528850
6856141
4185017
158061
98019
228880
229393
869452607
1026
47300189
329922540
30044883
334760327
31257538
4106
1435566129
1640650
513
6915670
513
13343
4106
90320
148824
387967
125724487
79536882
1539
0
2658294
151902
4521666
513
48412772
1539
5132
2053
547982724
78907718
1026
371032
513
513
12830
1026
48362994
35410
0
542750298
2053
513
242736
146771
83841984
31963679
9237
2053
708708
513
56450
437747
54397
81794379
166785
887038916
219258469
56963
21553
81755377
3592
1540
0
249407
513
5645
49821977
208604252
1539
513
125404261
2053
749762
0
1026
11089911
18593178
37975
0
341206435
883739656
1026
513
31235983
2053
8211
513
54397
341734501
1027
1026
8211
900454065
35923
1740721
3592
881971222
14882
128278092
1026
513
1540
0
0
21554
2639820
4520639
746683
0
1092056
4407226
1540
2664453
236578
0
332505396
1627820
907342023
1540
78257001
48653456
1026
48522594
384375
889740318
31686559
77570873
11660572
207818567
2566
133497175
1497654748
1026
18400733
22067
3592
18539293
513
0
3079
0
2770681
561338344
1027
0
83208202
1654506
81381780
1540
2053
371032
4105
4394910
900381707
12031604
49497131
1026
0
22067
514
93913
0
0
11641584
513
641994
513
1026
2708586
22580
211569944
246842
210673924
9238
0
146258
347546825
6672
4524232
97505
514
728722
513
513
215944839
258131
79597437
1540
0
13856
49776817
14370
130616160
340527492
210220782
343353597
30655059
891285516
1430775554
2053
49184602
1539
514
162679
1110530
14369
1026
4610960
514
2860488
513
513
19159733
247868
514
3079
3592
245302
206708550
5645
0
77970644
77496462
1026
5645
2678308
1026
30989142
410547
0
1706851
112900
1186996
1391797674
2052
21041
0
867216150
14369
1002249
29561976
142152
403876
329314930
4212729
864472154
1026
861240120
7193303
33357
6901815
13343
77234737
5645
513
2604923
7162512
0
77255778
1026
513
6952619
328361947
142665
785685
1800763
54398
513
1026
513
1593437
2732193
2053
338094999
3079
49593609
2053
513
7244622
243763
514
6671
13343
514
557486382
48072531
1052028
1026
21041
1463540314
91860
2630069
0
383348
217420244
2962100
11495326
1649374
0
8211
4408253
335406427
229907
48170037
1026
514
329946659
1539
229393
640453
202719055
6158
18395089
1398396710
1539
1596517
76683064
2053
2566
513
21041
513
33870
326720270
1026
11057581
99044
33871
18073322
93400
18207776
513
2693191
1022776
394639
51814671
131676399
129389136
1540
12829
513
866268299
534494703
21554
2053
513
21040
165758
0
33357
1620122
228880
1042791
33357
531588028
147284
125537689
1539
8211
1384907663
169864
0
141639
13343
514
1001222
514
513
1616017
513
47695341
1027
0
513
12829
3080
2645977
0
29356190
0
6848443
87241
87754
141639
996604
2052
5131
513
513
0
513
53884
513
54398
12829
514
5131
4619
857309642
88267
54398
326835737
30110571
9238
5645
34896
76798018
877090327
1539
4265074
5645
0
11422454
34897
20244604
2763497
513
33186084
340999108
46666407
580924
324503315
1027
123752834
1540
47321230
88268
513
0
54398
854149454
202764215
1048435
513
57990
0
1378269625
844543158
200102842
4340512
13856
89808
31296026
1026
3079
0
0
1027
11080160
141639
1616017
513
844812067
13856
3079
0
0
513
513
1026
1632952
200192649
1026
199710770
1026
20527
514
2583883
397718
28990802
18187249
513
513
0
513
1597542
12830
2657781
124742766
4204005
2614674
200805392
29182733
514
323075636
514
0
75947158
1026
0
0
852553964
625058
13342
6884367
146258
2052
513
55937
21554
514
4279443
1539
29654864
29161693
56451
29385441
513
382836
146257
76730278
76965316
319231886
55424
514
46956355
85702
513
513
20528
6790453
1027
2486891
857290141
22067
18426906
129259301
620953
635836
382835
513
513
2566
513
535502597
1026
13343
513
547012293
371032
87755
398744
33357
5132
18439222
513
1397961017
205266501
246841
131200163
1027
21553
513
90320
4760297
1026
3029327
513
0
11542026
7953842
666113
31577765
87755
4317419
885258681
6158
1650914
513
1706338
146770
21554
216914757
80750562
4106
513
77002778
76823677
1026
243250
11121729
18219066
1540
0
4234796
1372874006
125458658
5132
0
0
0
513
90833
3079
5132
330327955
1026
0
514
623005
50278198
1539
514
13343
11573330
3592
206885084
3080
1027
513
78166167
33870
8211
513
201129210
1027
529499368
1410013661
1027
203666906
94939
23093
35923
13856
514
0
4427240
0
18308873
7023953
8211
536312402
2699349
513
135037755
1026
213543136
130943571
427996
57990
396178
0
533833722
1026
1412955233
1026
205471262
4105
537671827
232472
54398
1001735
0
513
203623799
6671
331165985
147284
240170
90833
1392535119
198389320
1540
0
2053
2575671
48761224
513
0
0
321212265
2587475
12830
1364260209
4201952
513
5131
0
229394
17873693
370519
0
11316225
17939893
513
999170
0
0
201780954
1026
54398
513
1539
123138553
1539
31304
17996857
0
199913477
6844337
54398
513
0
3079
198462192
1379902064
1026
2626990
1026
530354846
77201894
3079
513
1397781402
1026
77021766
2052
513
8211
513
77682748
371545
126759580
34383
2053
1388140210
1617557
3079
21040
0
76597363
1638084
33357
1405315973
125376036
2690625
244789
13343
13343
0
0
1629360
1001736
267369
8211
513
11288000
395665
57990
0
245302
513
0
13856
8724
124335811
541505826
1377259679
6902328
46995871
11355227
4206058
514
229394
5645
4282009
11065278
993011
21041
0
850814269
1594977
21041
141639
513
76790320
22067
513
5132
385401
383349
18063571
406955
990446
201383750
1026
77124403
1539
1379032217
230419
401823
329102984
1540
0
0
513
11369596
513
8211
861324282
2688572
204436683
6158
533723900
2709100
1627307
624032
90834
1443962337
1540
1029448
4716163
1028934
871178959
1540
24120
23606
551787985
9237
11358307
288410
1539
0
82675517
254539
0
7027032
513
1033039
3079
0
2053
7476581
1649374
11457350
33871
1026
131570170
21554
513
3080
12047000
537645655
2948243
514
1026
0
87754
53885
879234924
77807451
1540
0
1593950
13343
402336
3592
513
4220427
1391073058
1026
17869074
21041
513
2053
228880
29211985
255052
20527
1026
4181425
514
228880
861538793
1027
513
54397
322463408
2565
513
513
0
5132
2052
13343
514
79395756
29941733
411573
1410449867
9750
2629043
21554
513
3080
123690225
1718654
513
0
5132
513
0
5132
513
0
199820077
4106
33870
18011226
514
325592804
4106
0
207741589
1365917281
1540
320495859
1027
54397
6933632
123020520
13343
4106
29048792
513
599400
6832022
79405507
633782
1362439432
1598055
75976410
4106
75887629
2052
513
3079
371033
123641474
6158
123128289
1026
87755
623519
0
600426
514
0
514
1641677
4218888
1365269642
1026
141639
87241
21040
54398
2053
75892761
513
0
1540
513
513
1595490
53884
3079
0
20528
11089398
1596516
46801375
3079
6877695
12829
123455187
1638597
1026
2053
0
141639
18052794
87754
0
1620636
514
229394
6828429
11165862
13342
141639
0
2053
1363587425
1026
0
843116506
1539
1389953804
2053
87754
8211
47427972
229907
371545
1539
17962
513
11189981
18067164
21040
514
0
1026
2053
47569611
29911456
91347
208624266
1027
513
1643216
513
513
0
128393559
6947488
49497644
11261315
5645
331441565
28779371
5132
1399638616
124548783
3592
4297918
513
29840122
11118649
2052
514
28656206
635835
0
593626354
1026
1008407
61072001
56900839
5131
220669
29950457
1027
1026
1624742
513
2630069
56450
0
1003788
34897
209655253
335808250
22067
5132
1540
2687545
64662
77770502
179615
11280302
1464346014
48663207
1002762
1539
1393482458
54910
3592
197339345
1026
1392707036
123508558
625572
13342
4250705
29370559
1026
514
4297918
513
12830
203169117
1026
514
1508743119
253513
18207263
5645
29513737
1026
11284408
600426
0
531771748
1026
0
29479868
1540
392072
0
536567968
203506280
2053
2650084
854732431
4105
0
1036119
859068324
1026
0
21041
54397
599400
21040
29394166
2052
1364570172
17869588
34383
1540
513
842640784
21554
3592
0
8211
514
5132
513
514
0
1027
322692288
1026
0
370519
254026
513
1026
17803386
513
1388391157
1389176842
1027
523740928
10987787
6820732
848393579
4392857
330196580
533539667
6963910
853265750
332623429
2052
8211
2636227
513
13343
698957
12830
18169800
514
20527
1027
1380625654
1539
28900483
199355132
628138
513
47406931
2052
1629873
123217070
17886010
11076568
0
0
76653300
844513907
1370996778
13856
76267385
2565
21040
54398
322805701
199194506
1540
1626794
0
0
326730021
1026
4161924
4226586
370519
2652136
321215343
122275377
5645
11124807
2634688
0
84676
85189
519104309
2566
87755
514
13343
200240375
1027
76867298
4105
0
29132955
513
18065624
1026
76065704
1026
514
12830
3079
47597323
229906
0
1539
382322
69280
0
88268
12829
0
33357
46939934
141639
513
0
228880
0
21040
513
845588001
55424
123220149
142665
513
17899352
0
846200230
867565116
537740081
532791959
139259208
847847038
8724
513
201822523
4105
29496803
1539
1540
20527
6880774
87755
33357
0
1026
1025855
1027
201956463
76850363
201069681
7006504
1636031
514
21554
513
47210382
383348
1620635
203274320
4106
513
0
21554
383862
90834
619926
3079
890026162
11043724
11058094
322251975
2589528
13343
6843824
5132
513
846085790
18024569
5132
201409409
54910
8210
8211
54398
1539
1616530
0
3079
4220940
1369481858
371032
0
122930713
1027
123194489
1027
198949204
199444427
522743298
76092903
1366985730
34383
199137030
2597738
29319753
88268
513
13343
2053
599399
513
21041
633782
323837715
142152
141639
991985
6819192
513
54398
6813033
0
6851009
54397
514
211379039
6772492
1367470689
3592
137534
120950848
627624
2548986
513
0
1363571002
88780
87754
47643510
620439
0
1627307
34897
0
619927
1027
0
8724
1539
55937
513
0
2618266
2053
33357
3079
1026
1026
156522
8211
513
141639
370519
513
396178
46905038
513
513
200158779
1026
75013164
4232231
514
358716
383861
1363211773
1540
513
199293038
9237
141639
54398
1539
21452127
229906
0
0
33871
54397
47920629
526831323
13856
1042791
122986137
1027
392586
0
4208623
3079
2586962
991472
525996886
55423
18227790
168837
1026
999170
1540
513
7698
1596003
2053
0
845550539
142665
513
7697
0
0
0
0
321938420
13343
322475211
147284
32843
580412
3592
324038883
1002249
2639306
3079
0
47374601
4105
200766903
847527838
2566
2053
87755
1026
0
513
12829
8211
2688572
29368506
513
514
862800714
3593
1539
200844907
371032
21041
201548482
1026
29812923
2602870
200696596
11160217
1398126262
1540
124183909
626598
513
228880
1027
11077594
370519
3079
513
17942460
0
513
524924331
29169904
8211
1623715
370519
0
624545
513
141638
76944788
1597029
513
0
386420016
6158
4263534
128701470
865550354
147284
1026
82394805
35409
855460639
9238
199757469
21554
11272091
77687880
8724
46891181
46976883
513
0
513
513
513
513
28848138
21041
2616213
513
513
384375
21041
12830
7697
325918676
5645
370519
21040
123276086
4207597
5132
29193510
1027
0
995578
370519
0
0
513
11092477
54397
2596712
123986846
13856
0
4619
0
513
2053
0
200455399
142665
0
11467614
12830
0
87755
4242494
54398
33357
846177137
1026
29071886
996604
322874468
1540
513
371032
1375242351
17908077
21041
6822784
514
254026
0
228880
0
0
4233770
29005685
87755
2612107
5131
994551
12830
0
513
1026
1377046194
854447614
1027
124084351
1023803
21041
325648742
76932986
13856
513
2716284
513
513
241710
11680072
76606087
124713515
1026
11471720
526625537
2625964
124946501
1539
513
327957558
4673055
0
201202083
238631
513
47379733
6158
8211
124328113
13856
327212927
142665
11060146
514
55937
34896
1002249
852698682
1026
1373832121
2052
863985656
1026
146257
5132
202370090
1026
513
0
370519
48022240
13856
18144141
6971608
1027
20527
6836127
8211
0
0
167812
12829
513
3079
514
2608003
76921182
1026
54398
33870
2607489
0
21041
514
391559
77420511
54911
643020
4241981
0
0
513
0
2053
6826890
251460
21040
599399
513
28993881
1027
87754
0
0
876208677
9237
1540
622493
124061258
530412323
34383
3079
0
6843824
5132
0
325445521
3079
2583369
514
1539
37463
201427371
327233455
2053
1591897
3079
0
324801988
628137
12829
525626880
229906
1399628352
1026
1540
200750481
258132
0
0
126365968
22067
146257
56450
34384
513
2635714
2053
0
1408443831
2053
33357
514
5132
855859897
854471221
2053
4619
0
868131671
1026
76025163
627111
222208
514
121614395
29374152
6158
370519
12830
1026
3079
33870
513
513
0
54398
6158
0
6804823
85188
526672750
1027
1539
17877799
1027
58503
2053
46928131
142152
12830
29014922
325451166
21554
1671954
229394
11398335
402337
371032
370519
4331275
514
514
334094727
1027
18058439
54911
8211
1026
1381546819
28831716
632243
989419
984287
11092990
4274824
1602161
513
33357
6862813
0
4306642
994037
2053
991985
1026
12830
0
843583504
3592
3593
325640017
643020
524294141
1539
0
359229
513
0
513
617874
2595173
1027
6859220
513
11061172
87754
514
200186491
600938
523909252
4619
4189636
54398
6784808
322828794
222722
330339246
2683953
1026
0
12829
0
0
514
514
335270945
273014
0
13342
5132
513
1658611
332289346
1649374
0
0
333172022
76464
259671
54397
141639
141639
2642899
123985306
1643729
87754
0
1791013
47515213
13856
99044
3079
2053
12830
370519
0
203707961
513
33871
5132
229394
2765037
513
5132
513
6862300
3079
0
1383638045
326461625
1026
4265074
4251218
0
5132
0
0
442878
5132
0
123843154
1027
12829
201538219
613768
1026
2052
29508606
202223832
4589407
1379787624
2566
1599082
513
395665
0
1027
142152
514
3080
141639
2053
513
0
53884
536082496
14369
2651623
513
532183322
4326656
513
853918007
6158
0
599912
1540
867452728
1027
12830
624032
545927421
35923
33871
141639
142152
325448086
1027
34383
0
55937
513
1003275
850929736
1002249
8211
514
1605240
1372641533
1027
527931590
2052
514
18162615
90833
527380431
9751
35923
0
513
3592
0
1026
93399
513
1026
0
248381
1026
1027
21554
5132
385401
29108836
2053
76354627
201178990
1027
0
514
1046895
146770
1416292470
2565
20527
0
33870
1018157
2565
514
124772531
109821
124920328
1026
888588734
31906202
7133774
1539
2731166
513
513
208005366
237605
513
0
0
0
56450
1026
514
49812226
79177653
1027
30807988
1540
50794460
2566
8211
2750668
129401966
1015078
1027
513
8211
236578
1439572559
1539
858855866
3079
54398
11504564
29520922
59529
513
513
397205
6919776
76397221
47573716
43621
1539
599399
2053
141639
326783906
29268948
1026
50752893
12317
205885915
47193960
54911
141639
124591891
56964
146771
326765944
2053
2053
858919501
55424
324911809
4618
513
0
7229740
513
29803687
88781
1026
12830
0
21041
229393
0
13343
54397
7698
527253161
4105
513
514
514
0
1539
202360853
10065595
1539
513
13856
856986850
29784699
3593
0
0
47495199
1619609
0
513
0
77010476
1026
18075374
47319177
3593
8724
0
0
8724
513
57990
5132
35923
0
13856
4304589
11147388
124234714
4259429
34897
29567109
1625768
236578
1540
513
513
326610962
29892467
88267
87754
33870
1540
200158266
1027
33357
228880
0
12830
990445
253513
528165090
4268666
513
854037066
325132992
2566
200601144
147284
205611875
4106
1150559
1026
61582
3079
19501
1377615828
325566633
6849983
1539
1027
46715159
323438971
1026
33870
514
4619
1540
5132
0
99045
0
326416979
1026
21041
87755
0
87754
1620123
7698
11142255
4277903
514
513
14369
513
0
513
13343
17888062
851114996
1027
1026
526311982
6848444
397205
87755
599912
3079
267369
6834588
6865891
4229664
599913
399771
33357
513
371032
200573945
1716088
87241
1615503
2593633
6807389
328207991
88781
514
157547
43620
1539
47047190
22067
513
0
21040
383862
11860201
1027
8724
146770
514
4257889
13343
237091
6825350
111360
323971656
4106
1026
513
3079
513
261724
4619
141639
0
5132
1539
29046739
6854088
229393
0
2593633
1026
32331
513
47220133
524656962
1027
29061622
513
2053
0
513
325825277
1540
1026
20721352
1624742
1540
514
332187222
1389998450
34383
3079
87755
1026
0
513
1540
87754
322600941
323694536
1026
623005
33357
513
1539
990959
1026
339799284
1377189886
21554
1611911
17962474
29215064
229394
87754
513
33871
228881
850222055
4105
0
1539
76689736
1375335751
47376140
47211921
48011975
125014754
1026
237091
8725
77046912
3079
34897
8211
530749485
3080
11181257
76851389
56964
849920302
2566
11102227
0
33357
76392089
1026
850906643
528473513
1540
0
3079
326879871
28987210
1026
12830
513
4199386
28991316
1376487849
134602062
1540
3079
3079
513
2940545
0
284304
17448
513
4915279
7529952
0
671758
4613013
31462298
2660860
514
861297597
2566
0
513
0
33870
33870
75994372
21554
53884
652770
370519
513
78126652
1016618
18079993
203619694
47202171
4105
526182146
86215
137021
84675
513
20015
4485743
861658365
1026
2052
87755
6980332
29804713
229907
513
0
47105692
11051935
13343
513
254540
29484486
513
131523983
1539
130996429
2566
3592
1424971442
11343424
1026
4250705
382835
244789
13343
13342
8725
56450
11277223
0
0
1026
0
514
2052
18156458
8724
514
513
0
0
0
47521885
1682218
8211
513
514
513
2053
1039711
513
514
13856
18419721
76654326
5645
514
657902
14883
1027
514
447497
22067
513
18456670
612616737
30212695
1173652
1982943
1539
13343
21554
0
0
0
0
382836
125431973
5645
995578
513
6817652
326105989
1539
147284
332825110
4319985
47716382
6914645
513
1396901804
201043508
2053
882977577
1618583
5131
323079229
1027
2596712
323749447
1027
0
228880
322970946
13856
4236849
3079
521539368
1539
33357
12316
1670415
520565344
845007590
229907
513
513
1364690258
1026
0
2053
1363845556
324583371
1539
6840746
229393
513
199175518
2645978
76002582
142666
0
76190921
3079
1366707584
199300735
237091
18327348
229907
0
1001223
0
777988
521770301
1540
513
513
995064
0
2609029
228880
1617044
28858914
846075526
1026
0
0
847339499
5645
28882008
3593
12830
0
4348210
513
633782
11018065
29022107
87755
202605128
28977973
12829
514
76946328
4282009
2053
0
0
2635714
21041
371032
513
0
0
76467527
4213243
76943762
4105
1361984750
88268
620953
3592
0
87242
0
33870
1540
17854192
198169677
972484
6978279
17802873
379756
52345
0
0
17642760
7698
0
513
3079
4619
6640604
381809
514
137020
4185530
322086217
1027
0
358716
0
12829
1368148606
76634312
524671844
199339738
88268
513
18085125
1374207772
2641359
1026
6809955
380783
54397
141639
0
2650597
323242421
523352961
1026
198893780
8724
513
29414693
4618
514
323834635
1362870506
123186792
17921933
1000709
199372068
600425
1013539
513
513
514
513
5132
5132
995577
17811598
4266101
33870
0
513
1540
513
0
122990755
22067
87755
370519
3079
321839376
1540
0
1026
0
845404281
2053
0
0
513
258131
514
11097095
514
514
0
513
47000489
514
0
621466
1539
141639
5132
87754
513
17848548
0
2053
513
122414962
87754
33357
7697
322663036
3079
0
1540
141639
4216835
87754
998144
5132
75924065
29052385
142152
4231717
514
21040
4618
168325
0
324224655
2566
7697
8210
46896826
8724
46996384
2053
33870
1365997338
55424
1364059041
2594659
54397
45161
514
13343
8211
229393
87241
54398
229393
514
1026
1026
1617043
4209137
1540
199980704
199680491
76606600
142152
20528
0
75817322
1001736
87241
0
513
76353087
1540
3592
8211
0
29479867
1540
6809441
13343
202061153
1026
849079194
1539
4207084
514
991472
1361417168
371546
513
1026
513
54398
993011
264803
198886596
321269228
1027
20527
29004146
0
32843
32843
627111
615308
20014
0
47054888
47148287
321847586
371032
991985
2053
201409922
18460263
537101166
49168180
30066437
1026
77936261
11178692
854920257
542265852
384375
18867731
12074711
8679485
383862
81369976
1026
0
12830
599399
167811
513
29559411
142152
0
0
1540
21041
17902431
1026
514
33357
2609028
29180167
29385955
339215
201776849
127308174
4266614
330386972
2053
56450
1027
513
1003789
1632439
4229665
11374728
13342
47007674
2566
351053926
14369
48124877
1540
513
76095982
6987003
7042427
87755
21040
2053
903778473
1539
87755
12829
513
141639
992498
0
970432
1414107844
4105
55937
8210
34897
513
865084896
142665
329147632
371545
513
87755
5132
0
1386314814
534679450
1385323855
1026
4220427
513
33870
599399
199247364
21554
6955186
1636544
125853810
1026
228880
628651
20527
850836849
55424
847748506
1027
28807082
513
4619
20014
321700815
2053
513
87755
53884
228880
2053
1378785375
1026
513
87755
76281754
3080
1027
523894883
76880640
21553
122910185
18475
522922399
11238734
208586290
9237
3079
1404754035
1540
48384547
1026
513
0
4429293
2053
537422419
1027
513
151903
5132
513
0
0
1727378
0
309450
5132
0
11389097
22580
513
4331788
513
513
1026882
127011041
1027
1596003
1026
6856655
611715
65175
513
21040
866744534
1027
370519
1027
1810514
33870
997117
513
997630
229393
513
6853575
28946669
28994395
2053
12830
20527
0
0
202612826
47597836
11061173
75906617
9237
18118995
1027
0
1000196
513
974537
513
84675
0
452628
137021
0
1539
2551552
0
11086832
5644
4234283
1919822
988393
52345
137020
358716
393099
1377109316
201599287
993525
4619
0
1388593352
994551
1539
0
11051935
5132
893158125
585034624
34383
3079
513
514
12911714
513
513
90834
489065
0
1660151
0
3593
1026
2053
612636237
1490706747
2053
29717985
7041914
513
12830
11179205
513
1014565
1540
513
0
513
3079
513
870673472
88781
12830
650205
325486062
8724
0
1027
940607652
21554
1026
513
89049777
3593
63122
2053
513
2807631
0
513
1732510
32100186
31973430
1652525533
694338
4106
247355
3457322
1539
717945
896020
937588
382322
3695440
1540
513
3593
11090937
1027
15943608
5645
1112619816
12829
1027
165698459
1026
0
1027
1726841792
368932238
926710110
35923
13343
5132
590661689
237604
91860
1682731
418246
20168140
513
382836
513
686127
22067
0
2053
0
1490018054
4199386
8211
8211
5132
513
7698
208501615
10263
3237679
217426402
1026
1466861642
334781881
3592
386428
146771
513
1027
2642385
51539091
11555882
513
5132
599912
6929013
8211
513
34896
0
1630900
4442123
549365242
342146075
422351
568095
513
137212630
1010460
2566
1027
0
141639
2053
12830
513
578857426
2053
414653
0
0
56450
0
513
137000685
38489
37462
23094
513
513
0
364255077
33020325
139110385
24633
0
54406764
933651952
2566
137121283
880188934
6906946
513
30158297
1026
513
2602358
20528
228880
3079
33870
370519
513
0
0
513
1026
513
514
337643910
1539
513
82161306
1026
2053
577981420
87348059
2769655
21554
90834
55937
382835
32055539
139036486
2478679
4569392
513
4759271
513
34897
51299947
168838
0
36119445
1026
1027
137405073
6672
376451413
1026
513
0
513
169350
34896
1536548467
16769834
220186306
53593880
14369
0
0
141101540
4286628
598886
139587
18950866
3592
513
1529518357
1026
2743996
22067
19128428
1151586
513
13343
5132
217881083
1540
3592
4403634
1501776130
343374638
1026
1026
1752011
588623
513
50895044
52284234
1027
33357
1027395
598886
13343
82500008
1026
1028934
513
513
0
83303141
14369
579489669
139308474
8508594
51990179
91347
83905619
6159
146257
1682731
576208882
1026
1027
514
923865529
822634
83146107
1445640
547299162
4618
93913
513
514
32134056
2708074
22067
361895457
1026882
513
8211
135192737
1026
21535776
4105
513
21040
900763003
91346
139533762
439799
513
366930307
163705
1504696149
1463234970
1540
19816608
1540
361800004
91860
0
21554
513
11744220
53930529
4619
174996
0
1027
1030987
0
19075571
7185
5645
184233
0
0
8004134
1026
7882509
947557705
1539
671245
1026
2902570
48753
5132
0
210406
12573014
137904915
1026
20499144
36436
0
1540
136887784
355639740
51323554
1027
7576139
91347
0
236578
228367
157548
513
13343
0
3175071
19877678
14370
51258379
1026
20212786
1026
3084750
1026
218245957
1026
13343
572944518
5645
5645
34384
513
11957192
13856
134447080
2053
7724449
1026
513
939222054
7185
14882
1026
513
0
14882
0
513
19302398
513
21554
1063318
514
1544903619
1723785
13343
0
513
134933065
9237
237091
0
513
0
0
4846512
18900061
0
655336
7859929
2566
513
36437
7415512
1027
30928587
2786077
12705928
1539
569531329
1540
0
513
21554
3592
0
236578
0
4422108
133381709
132785902
12444204
513
1466628143
11803
0
0
2053
686640
1761248
338322340
383862
0
333905876
404389
267369
513
513
18756370
1539
0
1026
90834
5132
0
334590976
2566
513
0
127372836
2566
0
0
15908
67227
8211
3592
132277850
30345096
88781
141639
2053
21040
5132
5132
8211
50043158
3079
11466588
465972
34896
1002762
21554
2053
205838189
147284
1540
0
620952
146770
0
0
6892064
513
1540
0
513
13343
0
0
0
0
2635201
3592
541263603
1048436
18758936
11508156
2053
344290158
1539
0
435180
2566
25146
90320
674324
139642044
152416
22067
1522762799
8461895
5645
21554
83533561
1026
0
12829
371032
0
221525204
22580
0
137394297
355611002
2053
513
513
513
0
513
13343
404389
1484769719
1007894
513
383349
32222837
135864495
32223863
3068329
31614200
1027
218341409
590025341
163705
0
228573789
3592
953896557
219951268
1510987787
2053
19542568
981778881
1540
2970310
513
514
263264
2566
1116689
2927716
171917
1026
0
31505405
1027
513
369325851
1026
13439782
3128371
1507321086
56963
146258
513
2044526
8724
910946630
3449111
514
1958311
51163440
1540
513
90833
55937
350114287
665600
410548
513
60043
513
513
513
31845133
924216034
2674716
16935
513
135229686
19492789
2053
513
31623438
1026
354595410
56963
513
939928195
7481200
35288086
31797920
1027
141639
0
513
220391580
2053
933097713
1709417
513
1026
0
0
7245648
513
649178
0
1026
0
12275879
1026
83504309
1027
513
0
0
0
0
4502165
1541446297
219233837
273014
86053296
3359817
218846382
34383
0
19531792
1540
5132
513
85505215
1637057
232318495
1106425
2052
410548
8425972
1987050
1954205
93336919
6672
7749595
4106
24119
33405726
25146
165246
513
4559642
4105
21554
1568671746
8724
0
173457
13343
1026
425430
1027
51346647
1540
31344779
105716
1069476
1551500602
1027
84364919
228160676
595747345
88545831
1540
264803
32592329
2053
1132084
617740880
7884049
513
513
0
62095
613206385
1026
4618
1026
52585987
35923
19380915
15909
367858143
1027
513
513
54131698
221870577
13139569
1540
513
1027
513
585095180
384375
13856
619414
0
2708073
513
34897
0
21554
382835
110848
16421
933116701
14369
0
1675033
0
513
514
513
82380949
1051001
673811
51257866
1690942
146770
0
1035606
932999695
1540
12801894
151390
0
576278162
6845364
347355921
3079
652257
55937
90320
11744734
513
52047143
13856
7055770
0
146257
889778295
1027
2052
79622584
128790763
127291752
1026
1021237
1026
5132
513
370519
0
3079
513
0
1639624
371032
513
18711723
346013431
1540
0
151903
8211
217077
668570751
443904
0
3592
3592
227838909
137215709
1539
0
48239
67740
2053
4609934
90320
21553
361132352
10263
426456
1539
514
85490332
8724
362055057
9238
20527
513
21041
20527
222638301
6158
220343341
1027
4641751
53847394
20152231
1804356
513
100584
24633
275580
1510980602
2053
92373
1539
11526631
2566
30297883
9238
146257
0
30292238
1005328
0
146258
513
0
513
5132
0
7168670
1448206
43621
4254297
80404164
1026
513
5132
56450
1512563776
6158
513
1142348
2936953
513
5645
3592
513
574121249
1027
429535
226028909
619485708
5132
274040
684075
51006406
35923
4553997
1026
392586
1540
513
3079
2722956
0
361477211
1026
220774929
1540
1592606145
7185
2615187
1036110207
91347
0
4355908
236578
140273774
243896444
7700329
90178270
1026
513
2052
4619
513
513
167812
14882
513
458273
0
0
1540
130862
2982113
20626413
442878
102578853
2053
0
6158
1018821544
9238
2052
514
5131
13326368
1026
1058186
11572305
242223
513
7202541
0
2053
8211
978631523
3079
15396
710247
513
262751
513
513
263777
513
302779
588107572
599341175
65687
513
513
3593
33443189
1539
513
4833682
0
513
6158
32915635
513
140441584
35410
580048014
37976
513
698957
256592
4755678
100584
513
513
4784416
2927716
513
513
100584
87564110
1118742
12414440
1528302109
2566
0
142692410
1026
2650083
4451359
0
1553802746
103150
0
578455603
239657
3592
1395861
52026102
654823
656363
619413
83981058
222760952
1026
513
32660583
20315424
84547613
12100371
35410
651744
513
1027
513
585358443
22580
12171190
1026
513
11504050
1026
7330836
514
0
2991864
4683319
13856
0
0
69793
231584128
1809488
4899370
40541
1027
3080132
21397729
514
1960877
40028
1879280
274041
90392781
1027
32867396
1026
5645
32510733
1818212
1133624
92514797
1020134269
1540
0
4754652
1539
0
5645
513
423423677
2566
1081846724
625125089
1540
3178663
1540
126243
730261
64526244
1047221159
96988738
28226
1026
370376339
597464972
6158
2053
107255
104690
363525330
4619
411061
60043
32566157
85216805
1026
31484878
1027
4341025
1026
229365633
5132
1578279581
2053
1508541438
1027
22067
657902
0
2053
513
52715822
1027
240171
0
52168767
1026
513
1500028738
362165904
1540
4843946
944555065
2052
7704434
1026
0
4686398
0
9237
0
8724
514
32012944
1679652
5645
946118736
51840330
22159808
32063749
961147849
229906
358467899
712813
52334527
412600
793382
4791601
14369
513
0
4469835
7708027
2053
21554
3079
513
1888005
3080
514
2795828
11552803
513
7607442
1539
9238
33870
51287631
3592
21554
137407126
1026
513
513
513
0
1026
0
0
597694880
66714
3592
884217
21455206
69793
513
2566
0
242988621
1539
513
1027
514
11388071
1540
1532365502
3079
513
513
143133749
37015464
5132
0
514
977268505
12889648
1584868866
2052
5483373
1026
30278
8306400
1027
1708530867
1027
2047605
0
21908861
744630
0
95905919
27134102
138971312
33132712
25146
0
2938493
1027
263263
1813593
1027
32881765
1540
1813593
9237
9238
5645
513
38489
3592
4732585
0
0
0
32899214
4618
514
590722758
22067
619926
8211
415680
1026
90321
82330657
11811961
1861319
87754
514
1043303
31809724
6158
0
141638
33357
5132
2228759
1027
325359
19501
50838082
2920531
928081337
1026
1472839
2566
1864911
51875740
1027
1009324557
15395
0
222676276
591983138
24633
0
0
85482121
11591292
218024775
13856
3069868
54398
5132
51942454
1026
55937
220629185
31709140
1027
513
513
1652454
513
0
513
513
943102753
6671
1047409
1029451129
2933361
513
165246
0
5645
9237
12313342
513
0
572458532
2053
7003425
371546
0
513
514
0
513
0
19700629
21553
650718
3079
982235
370519
407981
196036
0
513
514
0
2144084
513
0
924873936
4106
1540
905292366
91347
3593
320740
5132
34384
5132
29977143
1026
513
78699365
3079
0
881650
513
513
48344005
1026
13342
398231
4239415
56450
90320
11846344
1540
13343
0
236578
922774500
1539
1027
100584
3044722
371886640
65688
12932756
980517988
572747455
1539
513
169864
14882
174995
16935
83596169
4401581
3080
0
13343
0
370519
51317395
269935
14882
1552473086
1028935
513
134417316
148310
0
5031771
4526285
175510
5645
34896
34896
142285456
13033853
6672
176022
0
6158
513
21496261
1165441
0
0
0
20830147
56550334
14882
1027
609523775
1565115893
3054472
960614651
34011284
1026
39002
0
9237
600503023
13343
1035093
514
513
947966200
1102833
513
3592
36949
8328980
947486886
32710875
37462
1517232726
1026
12830
53112514
1539
0
0
134145841
2566
83450425
37976
1817699
1026
464432
86323744
355153755
265316
513
3592
0
9238
0
220370539
1579128388
82126409
349532335
138757314
3079
0
1713009
1681705
0
0
179615
513
679456
12121924
4106
513
1486748557
1540
514
1539
444931
513
513
0
513
18939577
3079
34896
8211
92373
13343
4528337
1540
31866174
671245
359829890
689206
5358670
513
1121307
2566
31311422
1027
128843621
31827685
77491
3079
0
1539
212694330
177561
12240983
4106
1026
1540
13343
146258
127954786
570838923
412601
0
11710350
412600
0
1028421
345227233
211326694
63122
564263493
6159
513
513
0
1540
8724
0
513
13856
8211
646612
0
513
78576715
13856
0
0
3593
901826320
219349816
12665899
13856
0
514
513
1650400
563236611
415679
1569799725
54534034
2053
8724
2053
1063510139
68253
2313948
1511841
67740
8409036
1027
35759189
13686623
71846
4105
1589294567
2053
48575452
55424
54397
0
7697
127339992
57782490
1027
7459645
513
1026
610162690
1027
6376827
560911
10530540
110847
5723544
14026351
1539
25146
5645
2969797
3592
3592
0
60043
513
1912125
1026
13856
58503
0
24220756
1349162
270961
266856
513
513
62720861
929531596
268395
0
514
5132
513
0
3593
53621593
220816496
9237
598198826
1027
0
55937
383349
2775300
911950419
1026
56450
216661757
577833111
2566
21041
0
12714139
1027
277120
181667
1744313
85123919
3079
514
9237
514
5645
1808461
361377653
3593
15395
24633
513
448523
9237
12388267
26172
411061
513
513
23093
53809931
9751
86646536
264803
2953888
141485915
1885952
513
1540
12999469
1480068439
2628016
78591597
1540
1026
5131
146258
48126929
572590933
6672
54503756
254026
0
5645
9238
1768946
0
4738230
0
1126952
20889677
53779653
1118229
0
513
14882
691259
36949
33870
1539
513
6158
288923
544305247
15395
0
513
513
410034
256592
36949
513
5645
157034
2990838
226744288
599659348
1540
42081
459813
29251
15909
85218344
4105
938553888
2053
0
346112476
1026
514
0
13342
136897022
13855
51766944
142152
51544735
31590081
1027
82757626
55423
7990791
82241363
1026
514
8725
5131
0
50548645
1027
513
383349
513
513
956898171
20150179
1026
39186747
1539
513
12430861
1026
50118597
237604
960678799
36436
9750
58488631
21004630
1027
1962930
0
513
67741
6158
1205470
3128371
1165442
151668516
1026
1539
978290769
3207915
1027
25660
745143
6159
513
42081
42081
752842
137700154
572718717
57476
21554
31425349
1540
11649281
1540
513
513
12248681
146771
513
0
1540
0
5131
4400042
21041
141639
31555697
653796
513
0
1025342
141639
20527
53884
513
19671378
31343753
2566
0
1026
918614629
56964
1053567
2053
2808658
4363092
0
34897
90320
211666935
2052
127533975
3079
87755
557724500
238117
1027
7230766
1026369
0
513
513
33870
513
513
513
4618
513
3718020
8211
1540
992540354
1107964
1828476
1528480185
1159284
363300041
14882
13343
1682218
918803993
928370774
163706
2924637
20321582
35339405
427996
593413383
1026
513
513
0
513
3079
7199462
923940455
1026
34897
383862
55937
0
3079
90833
0
1027
513
146770
0
21554
333706247
2673690
56963
513
392072
0
569988576
384888
0
81314039
1027
366688597
4106
20418574
275066
140823393
5132
4105
55527558
1026
9751
174996
40029
0
275067
4918357
7974883
357476940
3079
50977667
11667756
133468950
1026
646099
218307539
6158
382835
350229240
135014661
9237
514
513
2053
582799707
953070329
1540
353142073
33137844
18955486
1026
513
51339462
3592
2740917
31092805
146771
19484578
140694072
229794142
3079
1540
83885605
1540
39002
24119
274554
39003
1026
1122847
513
15395
24119
263777
142324971
2713719
513
56450
7429881
1027
0
0
0
7779873
1027
1026
0
514
1125926
1128493
1504159871
18974986
550294106
1027
11290
8725
226000170
4106
19436339
34897
5132
87754
0
0
637888
2053
514
560590634
8553754
920355863
36436
0
462379
565094339
2053
87755
12829
141638
31141557
556795637
625572
472129
5131
21041
12830
712299
1318883
513
50170428
99558
575925092
1540
1679652
415679
90833
146771
2732706
569607794
133225188
6159
57989
22066
57990
431074
513
20252815
32865856
1026
0
4725400
12754680
86126167
83152778
22580
1544973412
14369
5132
32611318
1027
4753625
513
0
1026
513
3593
966395158
1539
19673430
12983561
7192277
90833
513
0
31696310
656876
513
4448794
514
79168929
1644242
48850005
237605
542961730
9237
550585082
1027
513
0
1027
2685493
34383
543046405
22580
513
8724
2884608
8211
11653387
115466
4995335
1026
514
3294642
419785
557401194
91347
7242056
2740917
1622798311
3079
2052
48555438
1678625
228880
0
513
7009070
128159547
141639
0
21040
174996
4637132
1540
11460943
2053
22067
513
513
11808368
5645
0
13343
55937
236577
1648049541
34897
17448
138560
0
61974692
1464498943
1026
0
513
18434604
13343
0
513
2606976
76795452
641994
551202442
1026
537952025
2645978
3593
1703771
2662400
21040
4394397
2654702
2688572
0
0
0
1429643470
135174776
1026
217509025
1026
513
2607489
331446184
1026
87755
0
0
409008
0
3079
87754
514
229394
513
513
531467943
3079
29534265
392072
1399074113
66714
514
11288513
1626281
7766530
1027
133280612
61068
7157893
514
80716692
1026
124383538
1446406120
215756500
206032172
561668321
1027
134248478
51380516
388421436
56963
0
84218662
20504275
6158
655190499
1041764
25266112
4782363
4998414
677265119
1540
1026
6158
0
1600503023
137076636
9238
9237
1429301177
1369649670
845571580
54910
253513
0
75793717
2566
1540
0
11079647
843796475
1026
1027
513
1364053396
1540
0
513
84675
513
137534
3079
513
513
0
0
3079
1008920
4436991
4238901
123175501
11217180
29261251
2053
7251807
1026
599913
513
13343
141639
846426032
1026
4619
6826890
18107192
6844338
514
513
17957855
848596801
143178
229394
5132
1062804
514
13342
75639761
513
513
54398
142152
87754
88267
2052
1372825767
54911
75856325
514
87754
47927300
8725
141638
1618583
28939998
513
229393
0
0
33356
3079
623519
87241
87754
1393547632
1539
514
0
0
30100821
47253489
85189
626598
87242
1375289051
3079
513
21040
1399562665
94426
214071203
552757390
1399787439
88268
29158100
0
513
513
12830
33870
7698
3079
323317859
46990739
88268
0
1374753800
1027
11468127
0
0
2053
0
619926
8211
11140716
146771
513
858968767
29001067
2052
623519
1027
994551
11060146
87754
513
1026
0
13342
0
0
229394
21040
0
8211
29179142
514
513
8211
2647005
229393
123096985
29265356
1620635
54397
513
514
2686519
1369295573
46697711
513
122621776
1026
513
33870
26173
31304
0
514
47005109
77358415
1027
322502923
1365804380
11117623
0
6843825
87755
993012
993011
514
993524
371033
101097
324050173
2634687
1619096
20528
228880
17913208
17990186
1026
513
75846574
1026
7698
522165453
1026
18154404
2053
6844338
0
514
2052
0
1370561085
9237
1027
323755605
260698
513
53884
54398
4376948
1375607225
9237
0
128077950
1540
1680165
237091
383349
567419063
1026
0
1027
83485321
1540
84583536
274554
513
93912
13856
584720043
37976
9237
0
4817260
133501795
274554
244789
18681958
1050488
544869748
581313526
420811
0
34896
7647471
178075
0
10777
82024286
137357348
203090600
129618529
1540
1026
5132
0
33870
1389455501
1597542
35923
0
53884
141638
2052
17998910
2607489
1368434963
76106246
125284689
88781
2053
5645
11590779
603504
392586
598886
0
12830
845892832
1027
47520858
124870036
10965720
877473677
1540
551160
1027
7209212
5645
3079
1142861
370519
0
0
1380928432
1416017917
6853062
13343
0
1539
513
513
21040
17950158
75896353
513
8724
1026
125793254
4105
78755302
1026
0
36436
513
29471144
56450
90320
0
13343
1631413
78971353
90833
513
6928500
396179
93399
8724
79050896
30181390
513
30143414
1540
513
395665
2053
1391636021
4225559
46396471
18380206
980695
52344
221696
0
12316
3080
4171675
359229
1610372
4619
1366384278
431588
514
122298983
137533
513
0
126126311
122990755
88780
513
46959948
1026
0
255565
33870
513
1020723
992498
53884
76606087
241710
0
0
2052
867986953
1026
1027
513
11484037
21554
513
0
1401373178
229906
524018048
625571
1539
513
847329235
35410
2053
146257
514
3079
863225630
1027
32038090
6158
12830
371032
845259050
1027
0
1361673248
3080
3079
1382705076
4105
11348042
3593
396178
0
0
514
1026
152416
4395423
0
1540
0
0
0
0
513
0
0
338693885
29597386
14369
203563757
2053
0
18217013
1629873
18466420
151903
18628074
513
2623911
1642190
238118
1618070
229393
33870
0
3079
0
6887959
513
57476
2052
13856
18258068
513
48293200
203664341
13856
11358820
4505758
48048925
56450
126004687
94426
7112220
0
8724
0
51831092
34897
1374595226
28960525
229393
5132
0
1639110
0
3592
99558
0
122976900
1026
513
521902703
13856
90321
53884
430562
8211
843640980
2587989
21040
2053
323496447
4105
1026
1657072
6776085
54398
0
33871
5132
21041
20527
46817796
513
6829969
29088308
996091
8211
21040
0
1362058136
230420
0
66714
513
513
1540
76196566
1027
513
324550014
55424
76298177
4330761
514
513
5132
513
33870
141639
1375374753
1027
10996511
2622371
1027
53884
53885
47178051
55424
13343
241709
1540
199383357
1026
18298097
1026
0
87242
3592
513
199643543
1364405953
222722
10903625
2053
2624937
52858
52858
137020
513
0
52345
198126569
3080
29159641
2596199
1365232693
18529030
846307999
1026
2053
11186389
996090
53885
200360460
1026
76485489
6817139
0
0
513
996091
0
0
33870
0
1027
395665
0
2053
87754
13343
54397
2610569
513
3079
11102741
34897
1026
90320
5131
123876512
13343
581438
837673162
1539
0
12830
513
0
0
513
1539
321157867
1366491021
371545
199964283
11318791
2566
65687
514
33357
2052
327504416
2053
513
2585936
513
610690
20527
522233706
1026
7698
1026
1366937491
9237
33870
0
1027
995064
513
0
625058
17855219
76049282
7697
370520
3080
514
845714758
1048948
513
46920946
0
6838180
513
513
33871
2602871
6841772
3079
513
514
260184
0
121089921
20527
6708858
4619
513
513
320966962
4105
845814829
992498
8211
1359590746
3079
0
0
1026
221696
2053
513
0
962734
0
85189
2053
172943
0
52345
1027
12316
514
0
3079
513
125672656
5645
513
12830
416192
4231717
513
0
602479
0
0
513
841473804
1540
0
12829
141639
599400
54398
514
4225046
1568291
516923276
1539
32843
4618
17673038
1027
1540
34897
74412
514
1024315
221696
20527
0
514
359742
513
842222026
1027
11103254
2566
10925692
513
1649374
21040
4230690
513
12829
1001222
513
513
11218207
1027
0
370519
627625
75562270
580925
137020
6787375
520108610
124280901
124211107
54911
513
1364961732
142665
4106
1026
75844522
1026
621466
24120
513
0
1373930139
1027
18789727
34384
513
0
521511143
1026
33871
0
17927577
141639
21041
513
8211
1539
0
513
122859894
280712
514
46928130
513
7698
21040
0
0
1027
992498
199846250
200027917
1027
513
2053
323283989
1026
1370357864
1540
513
2566
2616726
2608002
240170
1539
2053
6843311
54398
6787375
28896377
21040
201470478
55937
325413190
110848
2648031
199655345
88780
371033
53884
0
228880
5132
199524997
3079
621466
7698
4299971
1026
72873
2566
31304
1632952
1027
0
0
237604
90321
5132
3592
7015741
1540
4312287
1007381
2619805
514
514
87754
323585228
1539
199494205
1367822734
1026
521858568
619926
17879851
54397
991985
523475612
10961101
1540
2611595
621466
11150980
0
12829
199201177
88267
0
513
514
21040
8211
0
513
4329736
1539
474182
513
6638551
218617
3554827
513
843540910
1364764156
18528516
1592410
0
13343
204995541
1540
513
11188955
2052
3593
0
0
0
620440
202024203
1027
513
0
5132
21041
1017644
513
77431801
1026
21040
303291
54397
80555040
215374178
31102556
4105
213220344
1026
33357
5131
1025855
18324269
11290
7062955
513
3592
78699366
1026
47723053
0
0
513
898835996
229906
514
3079
212027190
83443753
1026
136972460
1026
514
13343
90834
56450
513
1026
513
2053
19996736
136418220
631217
1026
239657
513
537979224
1540
0
4061853
46213265
3592
228880
514
121612856
646612
54398
0
53884
0
6746320
0
513
6750425
513
320644169
123894986
9237
0
0
29009791
126045228
8724
513
513
20527
0
46774689
1026
1540
199113936
6158
514
513
371032
6902841
513
0
0
29439325
53884
0
43621
28842492
1027
32844
403876
381296
689719
513
18151325
0
0
21041
513
513
0
8211
1008920
0
87754
123145737
123971451
1007381
47452092
28674681
3592
1026
631217
0
18226763
13856
2639306
0
12830
1366748639
4106
1026
141639
0
76191948
521562974
1540
87754
4255324
513
11025763
514
4618
0
11044238
1026
326344620
1026
47017938
1002761
513
3592
514
28855322
12830
4619
6910025
520888650
1027
0
0
54398
0
6860247
0
75921499
370519
0
398744
76770306
1369123656
55424
54398
87754
20527
0
513
2598251
198816290
513
524136080
6936712
599912
403876
29057517
513
1364162704
526165210
1026
6796612
12829
2052
599913
0
33870
513
0
29268949
513
228880
513
513
1639624
33870
533198401
125304190
1026
1618583
4618
624545
8211
1539
125802492
1027
2053
513
237091
383861
18440762
530395388
18353007
514
203231213
4619
1027
2654188
513
249921
11378833
8724
513
0
141639
0
513
1616017
991985
513
12830
2053
254539
513
5132
1540
396691
47763082
1385490127
1027
18347875
147284
13856
124852075
854712417
77229093
513
125001411
1027
526951408
202515835
528756791
1026
3079
326848567
1026
326099831
9238
124903906
1026
76696408
2053
4290220
201972372
79954614
6856141
254539
0
13343
0
4618
0
1026
12830
4265588
2727574
2052
13343
203213252
34384
514
18194946
0
54397
4618
514
2742456
513
21040
124979858
88267
599912
4106
0
513
6854602
514
513
123146250
189878
0
76842665
4264560
0
529009790
9237
21553
8724
5645
513
77838242
1540
5132
141639
5132
1027
397718
0
0
370519
513
2690112
1684271
513
854557949
1540
4246086
513
993012
12829
2053
239144
54398
329284139
1026
1621149
0
33357
1657072
856039511
333749355
326997903
34383
1027
392072
12829
1381319992
4260455
1386159319
22580
7697
0
1613964
0
54398
33357
0
326769023
76818032
18060492
513
0
513
12830
228880
643533
257619
513
513
4311261
141639
7698
599912
533466283
8724
624033
18338638
47897536
1723273
47814913
163705
862740157
4105
47603994
513
29464472
513
0
29480893
514
12829
513
200025351
1540
0
2604410
33870
6852549
1540
0
3592
6959291
1026
0
0
523697307
34384
513
75974871
13343
521768248
331951158
34384
5132
530346636
1622688
4259429
867779626
412087
83616183
1027
83199991
513
3079
1026
236578
1640137
427996
600425
131459834
21554
53885
3079
4346670
128539303
2053
18238567
1386002285
77655549
1383394282
8724
54398
1387184661
105203
23093
141639
141639
141638
4336920
855116805
6672
0
513
640967
513
18273464
7015228
513
371033
859215095
1027
4259943
529657429
1142349
31305
514
0
54398
513
0
513
4251218
2053
7003938
660468
864745168
48067400
1034579
5131
18356086
229393
331006898
11316738
513
8211
21040
0
0
1002762
1026
126089362
2698836
514
260697
529032371
4105
2053
141639
11109412
2053
513
1026
0
392073
855750588
997117
257105
2651623
7698
632243
33870
2671124
48277805
1026
513
0
0
514
21553
2715257
2654702
11236169
21040
514
0
1026
450576
0
1672981
329479149
1026
513
331826966
50767775
4106
513
80570
573740
859584588
124652959
11164323
326609423
201533087
54911
320740
3592
202228964
201893341
336376345
1027
1026
529936601
1026
0
7095285
8210
238630
0
0
599399
3079
33870
1006867
126904298
66201
283277
2678308
261211
1393695943
1026
514
3593
5132
1539
33357
2053
87754
513
4227099
105203
855673098
991986
1539
1013026
8211
5131
0
228880
33357
29665640
7070652
513
7698
4253271
21041
0
18171340
513
4267640
3079
1540
532867397
1022263
513
77854665
2053
513
0
513
0
513
329204595
3079
0
991472
12830
0
198763431
11349069
513
42595
0
513
382323
0
1387073300
21554
0
0
87754
48061755
13343
513
1615504
30077727
514
34383
4259429
1539
1621148
11271064
391559
514
514
4356934
1007381
468537
11244379
81695335
2566
0
620439
0
242736
141639
379756
1022263
400797
513
87754
0
1026
12830
513
5132
1026
228880
50412651
531103069
22067
18447947
229906
2618266
610176
47894969
864098043
2644951
33357
514
11451705
18455644
203595061
1657585
145231
4313826
141639
327536233
229906
1654505
513
850720870
1026
0
124885432
1539
0
128281685
6892064
76743621
1540
8211
513
202768834
18190328
2606462
3079
0
526564981
2053
11345476
0
326965060
4248652
513
513
513
125204119
1026
2053
0
1653480
7047045
513
1013539
513
0
370006
0
1014052
394639
513
513
6857680
236577
1027
1621662
853955984
56964
13343
17886523
0
513
513
3079
29439326
146257
514
513
0
29587636
513
526983739
34384
1026
30612978
70306
6930039
126070374
330734397
1026
536008084
1026
2681387
513
2053
141639
513
205096638
1087951
1540
1390321756
1027
513
0
0
0
513
1617556
11303396
141639
201100985
88268
8211
11233090
7698
0
513
6981359
3079
0
12829
12830
331237318
9237
3593
144718
513
513
513
126413181
18489514
514
404389
12829
0
1398819060
14369
1027
2052
513
1008920
0
1647835
77400496
152416
151390
0
513
93913
57990
11398334
48508224
33871
35923
370519
0
513
1026
205214156
2566
32331
1026
2053
0
0
326476508
2566
18501317
2566
3079
385401
514
1026
1026
7004452
620440
861664010
34897
48289608
202329548
202003676
1027
3079
4619
0
370519
13343
853772776
57990
908316047
4619
5132
18837966
1623201
55937
513
0
4250704
6882314
90834
7166104
3564064
34897
0
0
3592
513
1027
18385338
142665
0
513
206762434
216674073
1027
81429505
6159
513
5132
348197029
2566
29163746
513
77100283
384375
6896169
2052
13342
76954026
1428935276
199245311
400797
0
29341308
513
521382847
8724
33870
2615700
200555471
1376733152
21554
0
228881
0
997630
995064
87755
3079
4241981
28949748
28981566
0
514
17891141
114440
371032
513
0
0
4210676
0
33357
75927144
54398
514
6941843
1539
630190
513
513
0
1370024807
1361470026
321844507
522259879
76449053
5645
0
983774
5132
513
0
123960674
1540
0
52858
7102469
232472
123523441
1027
622493
90833
0
2052
262750
0
513
0
1631413
8211
0
142665
5132
7005991
998656
126516332
1540
8211
513
524921765
2649057
370519
513
8211
1618070
3079
54398
87754
1370313730
1027
513
513
29215064
5132
513
513
7698
123044640
514
844353281
46950710
1359024191
361795
0
137020
580924
28710091
513
222209
17823401
87754
514
0
8211
33356
13343
2623911
46720291
323934193
997117
513
12830
46926591
5132
1623202
513
0
122847577
4217861
1668362
1540
29167851
371033
0
4250705
6911565
2668044
202422948
29617401
514
850495069
1005328
0
8211
0
1378224978
2053
19469695
9750
78518
513
313043
237091
18661431
1027
3592
2053
0
29839609
514
221685830
426456
0
214892298
1711983
648664
54397
0
0
598886
0
853631137
1027
33870
879320113
439799
1540
1539
208446191
11515853
2790183
532996718
1539
418245
2053
4655607
1407839299
530783355
2630582
34897
1026
0
1638084
2812762
514
123164
1418541243
2053
13343
0
12830
18496698
6992648
871653654
206205629
142665
7698
169864
881520133
1026
236578
537152997
1026
1540
11457350
702036
30260421
9237
87143812
3079
209893
129836
10675772
1026
0
513
513
153442
513
2464311
1027
0
1026
513
82236745
339695620
54911
1540
1026
29225328
29305898
123850339
8211
513
47485449
88268
5132
513
1540
7159946
3079
881705393
870928011
4106
0
864080082
1027
1621662
8211
18651167
1026
11903821
1026
109822
995064
513
333009857
1540
12830
4357447
54398
0
1391774581
862019646
1026
12829
513
1027
20527
514
0
80831133
8724
33870
2611594
1026
513
513
513
3079
402337
513
534838537
13856
24633
18794859
1395083593
331404616
88267
396692
513
2100976
0
5132
4321011
619927
1539
513
513
1621662
3079
6885393
127422615
1027
0
13343
513
533638199
1400025043
1026
382836
859748807
5645
1007894
30840319
29912482
91860
1008407
1627820
332029161
862045306
18385851
384375
1026
1636545
7516096
1540
513
513
513
1026
77837216
621979
513
513
328775573
1403393071
1019697
1370202
2053
2053
0
228881
29646652
1540
0
90320
13342
1026
513
90321
387454
34897
382835
2053
5645
0
0
2566
1632439
537365456
610176
3080
514
30099793
35410
388481
3079
202366497
1540
5132
513
513
2053
18097954
0
54398
11221799
894577079
1539
88268
0
6805849
2631095
11041671
3592
513
5132
5132
54398
0
0
7698
29116020
513
13342
203285097
7137366
30713562
293028
1630386
2053
5132
514
6947487
5132
1014052
513
402850
513
0
1771512
79827857
531802539
1591897
30496998
1026
125089679
142152
2636740
4403634
513
5132
127046450
205139745
329057825
1027
327897515
1026
5132
2615700
514
514
1026
330814967
2700375
4573497
1026
6915671
1027
513
7554585
1026
0
8211
54397
1625768
513
2629556
1026
330353615
13856
87755
125230292
513
329335970
30235274
1540
1540
1014052
5131
2052
8211
2638280
870257793
1406397251
1017645
1437465938
155495
12829
198603
0
513
82824854
34384
54397
1034580
513
0
4400555
129875122
1622175
0
1943429
513
106743
0
4451873
0
0
13343
87754
54398
20527
141639
0
370519
513
1026
545341878
11059120
46871680
0
250434
46889129
0
17955802
29234052
0
328861788
204734330
6159
54397
1020724
513
1005328
0
514
12829
2053
527866929
1026
856689716
14369
1027
513
6881287
47291978
513
1621662
8724
29058030
513
513
531760971
6158
2566
29941220
1851055
90320
6876668
18187761
125301624
6974687
1026
22580
5132
7033190
0
90320
0
1027
18030727
88267
35923
858817891
29830373
1626794
1027
1026
322353586
2052
324179496
862780699
53371
201888210
4741309
371032
18512094
1539
513
127285594
6839720
54397
0
1027
972484
33357
13343
370519
18544938
513
513
1027
1540
0
326648425
251974
2587988
201452516
11235142
2052
75436027
1026
1027
20527
3079
427483
47029228
2575159
141639
4280982
621466
513
1027
513
33870
0
11031921
33870
8211
513
514
1539
1027
11188955
0
600425
0
29579938
1027
53884
513
141638
2052
127091611
1390064138
13856
983774
1622689
222209
324080964
11396795
1026
33870
123786704
5645
534068760
4196308
1620123
17811597
5132
513
11585134
12830
0
4214269
1643216
199095462
1027
4618
0
0
11140203
11138151
514
397205
0
3079
0
6805336
31169783
888158171
32565131
1077173
0
3080
1539
0
513
0
549730117
9750
529890927
2053
513
18140549
28864560
46972778
385401
513
859598444
55424
5132
8210
13342
4202978
8210
2648544
6838180
30110058
327053327
1026
48476407
1540
328960320
54911
142152
1377642001
1027
6910025
513
29312569
333448629
94939
49381664
22067
55937
217071791
1027
0
3079
8211
1032013
0
584665645
13856
146258
84012875
513
1002762
413113
5132
3592
2053
513
236578
20014184
84033402
4873197
65174
513
46700
0
13343
4640725
19748868
2753233
90320
0
146258
438259
8211
649178
0
5132
0
8211
12551972
513
1026
56450
4374382
554389316
1005841
2053
208822355
886841341
61582
0
1708390
258645
0
338234585
2052
514
79575371
513
547237068
331099271
1010460
637374
513
207327
513
513
7697
18515686
1027
8211
87754
514
0
0
0
0
167298
513
21040
49131744
1540
0
371033
8211
18557254
55424
996091
1027
1006355
125061967
1026
599913
138560
33870
76595823
2052
79513788
600939
0
128222669
11483010
1026
7124023
6158
4688964
147283
533697728
142665
77885969
121820182
18121561
47051808
20528
49527409
3107331
1540
236578
29521436
1540
328063274
1719680
47949367
346433216
1027
0
0
34897
1386414371
11222312
47017424
1027
1638084
8211
2586448
396692
17963500
0
124668868
1539
1002762
621466
513
1007381
13343
7468369
1026
54397
0
622492
0
0
513
0
33870
514
126934063
35923
55938
1026
2053
90321
236578
0
513
7241543
513
396691
0
1026
636861
332465367
372059
158574
11062199
323689404
142665
141639
535171594
77067440
46936855
6821245
514
2053
523806103
55424
126346468
1417874617
7315954
513
513
146257
514
0
383348
83320076
18890824
229394
2651110
513
11612332
513
33357
0
33357
0
141639
219643
0
81117489
360255
80002340
131629698
334184535
1026
513
3593
0
0
0
513
0
0
1623715
513
126222790
168838
887775336
327853382
1027
858851761
855402136
4272772
1540
0
513
514
513
0
54398
7697
5131
3079
1013539
13856
47501358
513
273014
0
229393
33357
141639
8211
523388371
1027
0
78113309
56963
330075469
88267
514
33357
11461969
2623397
0
514
200597552
1026
529306411
238117
2053
48437919
1027
5132
6997780
513
517803
98531
513
29625611
88268
8211
1604214
0
0
29500395
530416942
56964
5132
7349311
514
383348
33160938
558627191
3079
513
11424507
11769366
0
33870
14369
3592
202206897
18113350
2053
6822784
0
121243877
6891037
513
12316
1386442596
14369
513
11333673
18439222
204161103
1539
1384100938
1026
55937
4248652
537705697
7698
514
846241
748736
513
0
849584167
2053
0
0
33870
1623715
0
54398
12829
1643729
851034939
30080806
18139523
513
1027
146771
382835
382836
1540
6837666
87241
4642778
29675390
513
1389447290
996604
3079
0
514
514
12829
4207084
2052
324709102
200513902
4106
4284062
48594953
146771
513
331537530
199656885
6939790
13342
513
513
513
513
513
513
29439326
998657
12830
513
87755
0
28999014
513
0
1026
1026
0
4619
46988173
13343
201190280
29133981
77387666
11499432
6982384
5131
1027
7698
11654413
110335
371032
8211
78115875
1026
29831399
1027
1027
0
11384478
513
528231290
860709488
2650084
1540
90321
4324603
513
2861515
513
1714549
129853055
886412318
17995831
4264561
5132
328644198
48255738
1540
30133150
1539
4265588
20527
513
12830
0
33357
513
87242
7149169
11143282
1539
860567849
1027
4276364
11221799
3592
11311606
864422888
1026
514
8446499
345818935
971458
513
54398
133781993
19499460
4795707
865290683
6874103
126455775
128885703
20020342
513
0
53037589
1509570886
216125480
1539
871406299
206887651
4618
513
90320
5132
5132
7023952
11627215
382836
30315845
13856
0
78177970
123975556
1015078
8211
33357
54397
77021767
0
0
1026
1410310281
7698
62608
34897
66714
2398110
1026
3122726
8724
513
513
370519
0
12830
257618
12184019
7370351
85216805
19971077
1026
86186723
1174679
1539
1026
11749866
2871779
468024
2566
0
12830
34384
83981570
1540
21554
1453042618
906439333
4571445
84954567
2053
5645
2053
2053
1772538
360814177
31682967
1026
1032527
1691969
8211
1689915
32149452
513
1026
5159041
20098860
513
649691
19634942
514
12841922
2566
1027
2053
0
2052
0
228880
221570364
583169713
356303801
1026
0
3592
0
35410
1106425
1150046
320227
5645
513
32488667
103663
567872718
1410584835
4618
513
1027
22067
11288513
8724
8211
35923
253513
47953473
203050060
513
513
0
514
78472024
2052
125323177
1027
0
14370
0
49265685
2814303
513
513
146771
864004130
35923
47961170
1026
35922
858468412
1626281
2612620
513
31094344
147797
0
513
34897
0
0
2053
1386783352
245815
8724
22067
513
513
513
1540
57990
4410306
1861319
48716578
1539
8211
78860505
88781
0
0
863452457
1026
5645
48758658
209261641
56963
90321
7753187
513
13856
146257
513
1026
4500626
513
0
12748009
82628817
81077975
1026
513
862922338
88268
854355753
1540
0
201484334
1623201
13342
22067
0
2053
123379749
203228647
237604
21554
330552217
1678625
3592
7185
0
151390
0
8211
206026014
2566
125123036
4105
147284
0
513
6877182
8211
533957912
861845677
77762805
1539
205060714
48094085
2052
326238391
75819889
1026
11039106
993525
0
1027
4213242
1616017
209978046
55424
2618779
1026
0
12830
141639
6671
329524309
2566
205649338
2566
1026
87755
0
11067844
513
5132
513
2612107
514
123176528
996091
859156592
88781
513
17975817
513
323616532
35410
5132
8184262
1540
513
623005
240170
1003275
76990975
202367011
1540
533826024
621466
7119917
0
0
0
57990
557284188
133063536
561453296
18974986
54398
0
4619
30408731
1026
513
883556449
237604
0
0
6883340
513
34897
8211
34384
0
0
48238290
2623398
0
860190145
14370
513
47038979
859052415
1646808
0
5132
141639
513
513
123657895
2584909
513
533887606
126998724
1026
33871
854731404
1385903753
1540
513
53884
0
33870
995578
79373689
1026
533100381
1627821
11406033
1026
34896
0
514
5132
0
13343
3079
0
513
29469090
513
514
382836
5132
626598
29748263
382322
514
87755
2654189
78531555
201935936
1622689
56450
77090020
29341821
513
29473709
0
0
0
3079
514
0
2566
7185
57477
1621662
3592
18003016
330721054
1635005
237091
514
619413
4306642
514
618900
0
236578
860926052
1026
514
5132
513
11706758
101097
56451
0
513
2053
11626702
514
0
12830
894632503
857007890
5645
513
0
87754
2608002
514
0
125528451
202628735
48323992
1539
141638
12829
853018909
1035093
1539
399771
141639
513
11273631
126388548
29883230
126707749
78200037
4338972
619414
513
21554
90320
0
0
1026
1002762
0
0
385402
55937
2623398
619926
0
0
1013539
513
236578
34383
514
323304516
10981629
1026
3079
99558
200366105
1027
11065791
513
1027
329929211
2624424
0
29757500
8724
7698
12829
77986553
3079
513
124280387
405929
85188
0
10783026
0
985314
7698
513
2053
129322
513
17548847
387455
1590358
7698
384888
46355417
5132
513
1539
963247
513
0
988393
359229
12830
0
0
0
0
513
513
6763255
0
12317
2598252
33357
513
22580
1026
197927455
1027
40028
30058739
35410
121295708
1539
513
33870
1394536025
4259942
0
125986212
2566
513
324870755
383861
0
6896169
513
12879897
5645
1540
0
29062648
0
2053
1002249
146257
48010436
514
11180744
146771
513
0
8211
13343
513
1539
124957278
1540
859946382
14369
76548097
1164928
9237
11127887
652257
533394436
34384
8211
199177571
75898406
1026
21040
17922959
625571
27199
44133
124209568
2716797
513
2053
1600109
4130620
0
513
4208623
1539
87755
148310
10983681
5132
1565212
204027675
532017050
1026
21040
1027
87754
371033
514
0
1386832616
3079
0
1622175
1540
2052
48527726
56450
11139177
1027
0
1026
0
219378042
22581
0
513
1444529918
1026
4619
0
5862103
2053
1390576809
1539
0
1386714584
34384
324226708
1384923572
2052
0
996090
327258088
600426
0
5132
11074515
513
47456710
123536270
883338859
1026
0
18804609
33870
514
1839765
0
881210170
1416201123
82275233
91347
672272
12363121
1026
0
13343
513
8211
2053
90320
146257
82934162
384375
412600
30852122
539357124
1026
513
2052
13343
599912
513
0
124704
892840464
1026
4297917
8211
8211
1463307329
2565
0
50845266
1540
20053186
1427704147
1027
513
535278336
49256448
1026
1002762
6672
49996459
1433857739
