1841818
20014
11276197
384888
16935
4619
6158
308937
9237
1524157
765253117
1404929545
64662
4458032
5645
91346
29719524
126377771
16422
7185
14882
17448
1676059
7183039
4619
3079
3079
51832
86250358
17961
6158
893537882
11803
14882
3592
3079
7698
3592
3592
14369
3079
3592
4618
3079
203662288
17448
6159
9750
5132
3342368
12830
3079
24633
2565
2566
3079
5132
3079
2566
3079
2566
3079
3079
3079
3592
3593
2566
2566
2566
9751
18659891
5132
340193922
50063173
45161
448523
3592
2566
49265
2566
2566
2053
2052
2566
2566
2566
2053
339809547
6158
2566
2053
42081
3079
2566
31818
18964723
5645
24120
2566
2053
2053
31817
2566
24633
2053
2566
3593
147797
40542
2566
30391796
27712
24120
20014
205248540
7185
37462
394126
2566
2053
2053
36436
2565
14883
774395
4105
4106
6671
29251
2566
2053
2053
3079
2053
2053
2053
169864
3593
201322681
6671
2566
50805
2566
33357
2566
2053
2053
2052
2053
2053
2053
2053
2053
47676866
6158
2566
6920802
3079
2053
47972460
6159
2053
2053
1539
1539
1746366
3079
2566
2053
2053
7185
55424
484446
4618
2566
147797
67228
5645
4106
3079
3079
3079
41568
4619
3592
6158
411061
21553
2566
2052
2566
2566
2052
116493
4105
2053
59016
2566
436206
3079
4106
1540
1539
1540
2566
262237
22067
2053
1540
111361
2566
2053
2053
2053
1539
22067
2053
1539
1539
167811
2052
1539
1540
2566
1539
1540
333050397
8210
2566
2053
125217
2566
2052
2053
2566
358341655
356033866
64661
4106
2053
2052
371684445
6672
35409
2565
2053
24633
2053
24633
33357
2566
3079
1540
1539
2566
1902374
3592
2053
1540
1540
2053
1540
65174
28225
2052
1540
62609
3079
7802453
90320
4106
2566
2052
5132
3079
4618
2053
7697
28738
2053
1026
287383
2566
29252
3079
2566
1540
1540
1539
2053
3079
81083
5132
258132
93399
4618
51832
2566
3592
20014
2053
1539
12501167
5132
1540
1540
1540
1539
183720
2053
16935
17962
1539
1539
1540
1026
23607
1540
1539
2053
1540
2053
12959441
35409
3079
2052
188851
1539
1539
1890058
1540
1026
1540
1540
1027
2053
194497
1539
1540
1026
7938960
5645
20014
2053
1540
1539
1540
1540
17449
28738
35323496
8211
2566
203734
2566
2052
1026
1026
1027
1026
1026
18988
2566
17448
1539
1540
23093
1539
1027
23606
1540
1026
1026
1026
1539
1027
8724
1540
1539
1539
1825909
14882
24120
3592
1539
1540
1027
1026
1027
1539
2053
1026
1026
1027
25660
1540
1540
1026
459300
2052
180127
1539
1540
1026
1027
1026
1027
1027
12969705
72359
2566
1539
1026
278659
1026
289949
1026
1026
1026
1026
443391
277633
16421
7617194
3592
1540
1026
1027
1027
1026
442364
1539
1027
1026
1540
1027
1026
1026
1026
1027
1026
1026
1026
1539
1027
1027
1026
4868065
5645
2566
585543
3592
1540
1026
11561527
5132
31118465
7185
2053
1539
1540
1026
2566
1540
1026
1026
1540
165245
1026
1026
1026
1027
22067
1027
1026
1026
2053
1026
1026
921535160
14370
2053
16422
932305357
8724
2052
1027
1026
1027
4619
1026
1027
7652089
2053
1539
1026
1026
269422
1775104
1540
2566
1027
1026
50805
1540
1026
1026
1026
7751648
4618
1539
44647
3592
1539
1027
1027
888864313
44134
7054743
4903988
3079
513
17449
513
513
201169
11290
513
11311606
11590779
1734049
1539
514
513
513
11813500
2053
513
513
30839293
13856
285331
4362579
1026
513
513
513
513
513
513
0
6158
513
513
1701206
513
32171518
12324119
9751
6671
513
513
513
513
1026
513
513
514
0
513
12204548
2053
425943
513
513
514
166785
513
210918
23093
1026
0
12317
513
4619684
11290
8724
514
13856
1026
513
1677599
1027
0
513
514
0
12967138
210919
1539
513
514
1026
663034
1027
513
7321599
1027
513
513
0
513
0
246842
1026
513
513
513
0
12248681
2053
1026
514
38489
513
50806
513
513
5645
514
513
0
513
0
514
7841455
5132
3592
513
514
0
513
513
513
7483252
3593
45674
1026
7535084
4618
5645
1026
3592
5645
890090310
3080
1027
33364672
7698
513
0
513
0
1797685
513
514
5132
6158
513
513
513
513
513
513
7697250
1026
513
962308159
9751
513
513
986883011
9751
1026
513
513
513
514
0
33286668
2284183
3592
513
0
513
0
1812054
1027
513
513
514
513
6671
5645
7206132
29252
5645
513
11290
513
2566
513
514
513
513
0
248894
0
5645
513
1026
514
629164
513
513
513
0
513
0
0
514
0
513
18988
513
5132
514
134736003
3592
1027
513
513
9237
513
15395
513
5645
513
273014
514
241197
513
513
1027
0
30922428
3593
43621
513
0
5131
514
513
513
514
911999684
3593
135493462
3079
0
514
7779873
3592
513
290976
513
513
514
513
513
0
513
513
1882873
513
513
46700
513
0
278145
513
513
0
278659
513
513
140391293
3592
513
31026605
3079
1718654
513
0
251974
513
0
5132
4106
513
0
513
5132
655850
4354368
6158
39002
0
513
513
513
513
513
514
0
513
146258
513
514
514
513
514
513
514
0
8139101
161653
513
40542
513
513
513
513
25660
513
513
4618
513
1539
1729431
514
0
0
513
138807093
3593
1026
513
1835660
1026
513
956771415
3593
4669463
4892698
1539
513
513
513
2164611
1540
16421
385915
1027
514
514
0
11290
513
164732
514
0
1809487
514
0
646099
4586841
513
513
513
513
513
514
513
513
5131
513
513
513
514
928874721
3079
5132
344258341
3593
359743162
3592
513
514
0
513
10264
259158
514
0
1540
513
0
513
7185
513
0
7747029
2060434
1027
31871819
3079
513
513
513
513
513
514
514
513
513
513
0
4761837
2566
513
513
513
0
179615
513
513
268909
513
513
1822318
1539
513
44134
513
513
513
513
513
10777
513
930270068
3592
162679
514
7088614
31749681
255565
1666823
1026
513
514
513
96992
513
4618
513
514
513
5132
513
39002
0
513
513
0
514
513
513
513
913290342
4106
513
513
513
514
928467252
10264
1026
513
133084576
3079
8724
31952903
213955224
3592
812883
513
0
22580
7814256
3079
7185
513
513
927509650
4105
39515
514
0
513
514
514
513
0
513
32059644
10777
133811244
4105
513
4435964
513
513
0
513
513
513
513
0
0
513
513
4415437
1027
4619
513
0
513
0
513
513
33134252
3079
513
6671
514
223495318
41055
513
513
513
513
0
31122570
3080
513
513
514
513
31063041
2566
0
4106
4618
513
920047951
14369
1026
513
17449
513
513
4977887
1026
926938989
4106
514
926547943
3593
513
513
18987
1027
514
215496829
3079
4373356
513
513
513
0
514
513
7980528
1540
513
915332302
3079
1026
513
514
513
1539
7323652
1026
629677
9238
514
513
514
513
513
132003810
3079
513
513
513
513
513
514
513
4284575
12316
923684888
3592
513
0
513
939447342
11291
513
84675
1026
134708291
7360602
1539
4376948
1027
513
1688889
513
513
39002
0
513
513
513
513
513
513
0
514
135040321
9238
135994843
4106
1026
513
513
513
513
513
514
513
513
513
513
513
73386
513
513
513
513
513
0
514
9751
0
0
513
513
0
0
514
513
0
34384
4819313
1540
0
133196450
102123
514
15909
50805
657388
513
513
13856
232986
0
513
513
0
36949
0
513
513
513
31916466
2052
514
0
514
513
242737
513
513
0
37463
12317
145744
513
0
0
135151169
9750
1539
513
513
514
513
513
7369839
2053
513
514
0
513
513
1718654
1653993
1027
1026
513
2566
514
1027
7698
2052
1026
1026
1026
4106
1540
1027
1026
1026
513
1884412
1027
514
513
0
10263
513
513
4755678
2566
513
513
513
631730
513
513
513
514
513
513
513
658929
513
0
514
513
133864616
4105
1026
1026
4414924
1803329
1027
136702525
114953
33194294
2566
513
30791
1026
513
513
1540
513
513
831358
6158
513
513
513
513
513
59016
513
513
1027
513
1026
513
514
0
139350042
13343
1027
7608469
6159
1027
513
513
784146
4618
514
513
32879712
3079
1026
833924
3079
514
514
0
6158
34742058
1811540
1027
725129
4619
513
0
32780668
2566
513
0
513
514
513
0
14370
5132
1027
12830
513
514
1888518
513
0
1540
513
513
0
668166
513
513
513
513
701009
0
8211
26685
513
7574599
513
7843508
102637
513
514
33012627
2566
31733772
2053
125731
514
513
513
513
1539
0
513
60042
513
513
5132
513
0
513
513
514
13343
0
513
513
0
5132
0
513
513
131754402
3592
0
0
513
513
22067
513
513
3592
1026
8724
30330214
20015
1539
75438
513
513
6158
513
1026
513
0
513
21554
513
7322625
94939
1027
9238
4105
513
3593
513
0
513
513
0
0
30631452
3080
513
0
8211
7172776
513
513
0
513
0
513
0
7171749
1540
513
513
513
513
513
513
514
127151140
7072192
1026
513
0
513
514
39515
514
513
3592
0
93913
514
4106
4282009
1539
513
513
513
57477
1026
0
513
5645
0
623005
3592
0
0
513
513
513
126546096
4105
513
513
4565800
29659995
4106
513
513
29750316
821095
2053
1027
4409279
2052
3079
513
513
61582
513
30588859
3592
513
513
513
513
513
72359
1027
26686
5132
513
4265074
513
513
3593
1026
513
513
0
513
0
0
513
514
9237
205546700
44647
4105
4423135
25659
1539
513
513
4403121
513
14882
513
3592
1026
513
0
513
0
513
0
513
632756
11290
0
513
513
513
513
8211
513
513
1539
513
2053
513
11803
513
514
0
4284575
513
513
513
513
4105
1027
627111
8725
126049333
4106
39515
13342
513
4272259
1026
513
126341335
21554
1026
514
514
514
514
514
514
0
128523907
3592
133963147
3592
14369
513
102637
513
711273
1027
513
0
514
513
513
513
7619246
2052
514
513
0
0
513
514
4616092
3592
513
10264
513
31900044
4106
513
0
513
513
0
7460159
2053
102124
513
213565717
4106
15396
1026
513
513
513
4618
513
11803
513
131494731
98531
513
4619
513
625572
513
0
3592
513
0
513
205864361
127888586
693311
1027
513
0
513
0
134952053
7698
513
2053
513
513
513
31585462
17449
513
0
513
514
220415187
4105
514
6158
514
513
7771662
1539
7698
1027
513
513
513
31550052
2053
513
671758
4553483
513
513
0
513
4580682
4618
513
9750
513
513
0
513
513
513
513
31858990
2053
218785314
5132
513
513
4570932
1026
513
513
513
4106
513
0
12830
7407301
4105
102637
513
9238
514
1027
513
7669539
7375484
1027
513
0
4105
0
513
1026
513
513
0
513
5132
513
513
101097
101097
513
0
41567
0
0
513
7680828
1026
514
513
0
513
513
513
513
5645
513
3592
0
4625330
514
3593
514
513
40541
0
0
513
513
12316
513
514
513
513
513
513
3592
513
513
4642778
1540
513
513
6158
513
0
514
101610
513
513
514
513
513
513
513
1026
31844107
4105
1026
1027
513
7184
514
1026
10777
42081
5132
513
514
3592
513
513
691772
513
513
0
513
105203
513
3592
33785483
3592
14370
4106
513
0
0
513
214547951
5132
98531
513
30580134
4618
513
4619
513
0
513
0
513
513
3592
4105
513
3593
30562173
2566
514
6979306
513
513
514
513
513
513
513
0
514
0
91347
513
513
0
513
137020
513
514
4619
30210128
3079
513
3592
513
513
513
513
0
513
330272019
3593
1026
513
12830
513
514
0
6804822
1026
513
514
8211
4106
514
513
514
513
88267
513
513
513
513
0
513
0
6926448
3593
513
0
1540
3079
514
513
513
513
6887959
514
4618
0
0
513
7698
513
513
513
3079
514
0
3593
618387
1026
513
0
0
513
0
23093
513
323028423
3592
1027
0
513
24119
513
513
0
14882
11803
6962371
1026
0
513
513
513
0
0
514
0
513
513
513
4618
513
514
0
0
513
513
0
4105
3079
513
513
3592
513
513
513
0
92373
513
3592
0
513
513
6960318
2052
1539
0
513
513
0
513
4105
513
514
513
323749447
4619
5131
4106
135481
323373797
3592
1026
513
0
513
39002
323493881
3592
513
29155535
10264
1026
0
514
0
513
513
513
37462
1026
6839720
1027
0
514
0
513
513
0
0
0
0
0
0
29316675
2053
514
0
4618
11290
324187706
3593
513
6158
514
0
4106
513
0
513
5132
36949
513
11804
513
514
513
513
0
1026
0
0
0
199364370
3593
513
514
17449
1027
92887
513
3592
9238
3079
513
0
514
3592
4105
0
7698
0
37975
513
0
513
29393139
3079
4619
1026
1026
0
91347
513
514
513
11290
514
102637
8724
0
513
513
11142256
634809
513
323478999
6823297
1026
0
3592
513
513
513
513
513
513
513
0
513
38489
513
513
513
513
514
513
0
513
3079
513
513
0
323950102
3592
513
4105
514
8211
18475
322426458
17449
513
0
513
513
29220196
1540
631730
514
4619
513
514
513
514
513
514
513
203587363
3592
513
643533
1027
513
513
513
5645
203755688
3592
8211
513
513
513
3592
11469154
1026
514
0
513
513
0
7115299
11386018
38488
513
16422
0
0
0
513
0
204524437
3592
6900275
1027
513
514
513
4106
328070459
330525018
6939277
1027
513
4105
625058
1026
12316
513
513
0
513
513
30441061
7698
1027
513
513
513
0
514
205900284
3593
1026
5132
513
29937627
3079
513
8724
11611819
6897196
4619
513
624032
514
204798991
3592
93400
513
513
647638
513
513
513
513
513
513
0
0
513
513
4106
6984950
514
513
514
513
513
513
513
0
513
0
9750
513
0
514
0
514
513
29869374
13343
513
203558112
204253476
39596781
2566
513
513
513
513
0
6158
12316
4297918
2052
513
513
514
513
514
513
0
4279957
211465767
5132
30449272
3592
513
514
513
514
513
514
5645
514
3592
0
29707208
3592
11259261
2053
1026
12830
513
513
513
1540
8724
633270
1026
513
0
513
513
12829
90834
628651
90834
4324604
514
0
0
514
4663818
15396
11803
1026
514
608636
513
699470
622493
1026
0
513
513
513
4282009
514
513
513
4105
4105
10777
122651
0
94426
513
513
513
513
514
0
513
513
205235198
5131
1026
513
513
513
4528338
2566
513
0
513
9238
513
514
857017
513
514
3079
0
0
11290
29849873
1539
29704129
11285434
1027
232986
1539
513
513
513
0
513
513
0
513
0
11271578
1026
514
513
9750
3079
513
0
513
513
0
0
1026
513
514
513
513
1540
513
513
514
513
3079
0
0
0
513
203875772
3079
513
513
30318410
254540
513
0
513
0
514
513
0
4619
0
11255156
11290
513
513
514
204318650
7185
514
8724
94939
3079
4106
513
3079
514
513
1026
3079
241710
3592
514
95452
513
514
513
513
0
0
513
4105
513
0
513
737446
256592
4619
39515
513
29761605
2566
3592
12830
513
0
513
513
94426
11290
513
514
20014
513
11195627
2566
514
0
29618940
214218487
3593
31062014
3080
10264
1027
4105
513
8725
3079
513
12140399
3079
513
513
7184
513
513
514
12457547
1026
513
0
0
513
513
513
1027
31725048
2053
513
513
12317
0
514
0
17962
513
513
513
513
5645
513
0
513
3592
513
513
513
0
513
513
514
513
0
49779
3593
0
43108
513
513
513
513
13856
513
0
514
513
0
513
514
513
3593
12252273
1027
513
514
513
8211
513
513
668165
513
101097
513
513
0
0
4477532
513
0
11803
513
644559
30861872
1026
513
513
100584
1540
214603375
31779446
2053
514
668166
514
513
513
514
9237
215753421
3079
513
513
12352858
6672
513
40541
513
645586
217428454
216741814
57477
1027
513
101098
41568
514
513
513
13342
513
514
215280265
3079
104690
11912546
513
513
0
11803
31114872
2565
513
13342
668166
513
513
5131
31607015
1539
104689
6671
27198
513
0
513
10264
513
513
513
513
0
513
0
1539
514
513
100584
513
513
257105
0
9751
668679
215214065
4618
0
513
0
0
513
513
28738
513
513
270961
513
4105
513
215844768
113927
205017607
13856
202808349
4106
513
513
1026
1026
6672
513
40029
513
202951014
4106
1026
513
11399361
4105
1026
513
25660
513
626598
513
513
513
514
201607498
4106
8724
513
6158
514
513
11178692
3592
513
513
513
513
513
3592
514
0
38489
0
11222312
1027
0
25659
513
285843
514
3592
514
203257385
44134
7697
513
13343
513
513
9237
0
513
513
513
0
5131
0
513
513
29548634
2566
514
2752720
0
514
0
4295865
514
513
7185
513
0
514
3079
3079
0
513
0
514
0
513
2668558
513
513
0
513
0
4280983
513
0
513
514
0
513
0
36949
513
1026
513
3079
513
4105
514
0
513
29533752
2566
514
513
513
513
18475
0
3592
513
513
513
0
3079
201268797
2566
513
3592
513
1026
513
513
0
513
514
0
513
4619
0
513
514
4105
4313827
4253271
514
202320824
29416232
27199
1026
0
514
513
513
513
3592
4105
513
0
513
513
0
514
513
6671
16936
513
513
513
513
513
513
513
513
514
513
0
243249
514
0
0
513
513
0
513
0
513
513
0
514
0
513
513
4345130
3593
11205377
1027
513
513
0
0
513
514
513
24633
0
513
514
24633
3592
3592
513
0
514
0
4105
241197
0
0
513
513
0
514
513
513
513
0
513
514
513
0
513
0
151389
513
0
0
11159191
513
514
514
0
0
4271746
11323410
1540
1027
513
0
0
41568
3079
257619
513
513
0
513
513
513
513
513
0
513
9750
513
513
513
160113
513
0
513
3593
27712
513
3079
513
513
513
0
513
514
0
0
0
0
513
0
513
0
513
513
514
513
0
513
0
514
513
513
26686
41568
0
0
3593
513
4487796
0
513
514
514
513
513
513
513
513
4519101
514
281225
161140
3592
514
513
513
162680
0
3592
258132
0
3592
0
513
513
513
4491389
1026
514
513
0
513
513
0
0
513
168325
0
513
514
0
513
513
4105
0
4619
3079
0
4105
514
513
0
513
4619
29964313
3079
39516
11380373
632243
1026
627624
513
0
3592
513
0
4500625
1027
513
514
258644
513
3079
0
25146
232472
0
4105
513
0
25146
513
513
51319
4619
513
513
513
514
4618
514
513
4106
24633
513
0
4280470
36436
4619
513
3592
30361004
2566
513
4560669
236064
513
0
4105
12141939
4105
513
514
514
513
514
9237
0
0
513
513
3592
0
30532408
2566
1027
513
513
513
513
514
513
513
513
513
0
513
30608360
22067
6158
513
0
4459570
12093186
1540
513
828279
513
513
513
0
8211
0
0
4106
513
513
3079
1539
3592
3079
8211
0
513
513
42081
1026
513
55937
513
3592
0
0
513
513
730775
1540
514
0
513
513
0
231960
8724
513
513
513
513
513
4105
0
630703
4619
513
3079
513
513
635322
48752
0
513
0
513
513
36950
36949
513
513
0
514
513
513
6672
244789
0
513
8210
0
513
514
8211
39515
29862190
13856
1026
4413384
2566
513
3592
513
0
513
252487
514
513
0
8211
514
0
513
513
0
513
513
513
513
0
0
513
657903
3593
513
513
513
513
203387221
4105
641993
130491456
4105
514
513
513
513
38489
1539
36949
514
514
210602078
3592
1027
0
513
513
513
11777065
1027
0
513
0
260184
5132
0
3079
513
0
513
7185
6672
38489
513
7185
0
513
0
513
513
514
0
513
4561695
513
513
1539
11710351
1026
6672
37975
1026
513
0
644559
513
0
513
513
31555697
30783355
1026
0
0
513
513
0
513
513
513
514
513
0
31080489
2053
513
11934612
2566
0
4563747
645072
644560
513
513
4537575
39002
0
513
141477704
7185
1026
8210
6671
37462
1026
239144
1026
514
513
513
624032
514
513
2053
513
37136063
7698
514
513
6671
0
513
513
513
0
36436
0
0
513
11804777
31783552
4106
12303591
2053
623519
264290
513
513
513
4558615
1540
513
513
513
514
11745247
30939363
2052
0
513
0
0
0
514
513
0
0
513
513
141150292
3592
514
513
8724
3079
513
7184
41568
7184
0
513
514
513
140723323
4618
513
513
513
140625818
3079
513
514
513
513
3592
0
0
513
140290196
3079
0
513
513
513
37463
513
513
513
514
239143
1539
513
2565
6158
789277
513
514
514
513
513
0
513
5645
1027
513
514
0
513
513
1026
0
4461111
514
0
513
7698
138908190
10264
29251
1539
0
513
1540
513
513
514
7184
514
385401
2052
513
513
7185
0
513
513
513
349478
513
0
0
2053
513
5131
12170676
2566
0
1027
32506115
4105
513
5132
513
513
513
514
2565
513
513
513
513
513
5645
513
8724
513
4619
514
0
513
513
514
0
513
513
0
513
5645
238630
513
513
513
0
0
513
513
0
513
513
514
0
513
0
513
1539
514
6671
0
514
0
0
513
32357804
2566
513
513
4106
0
273527
0
0
513
6158
4736178
1539
514
32027313
34047720
38489
514
384888
8724
4106
1540
1026
514
6159
1026
251460
1540
854452
2566
513
0
513
1540
11804
1540
4681266
12829
12848080
2566
513
721537
1027
0
0
513
11854555
7185
513
513
0
0
0
513
513
514
19501
513
513
4993796
7372917
1540
203734
0
513
513
513
513
513
513
0
0
513
1026
31474101
44647
652257
4502679
1539
513
513
76977
7432447
12106016
38489
4580169
513
12439072
48752
1539
35410
513
6159
5645
513
31441771
12608936
154469
513
513
514
513
513
0
513
2566
513
514
513
513
4763376
4106
513
513
513
513
513
513
514
514
32245930
3592
21040
513
513
513
0
513
513
0
513
667140
513
513
0
11874570
2053
513
3079
513
4656120
1026
0
3592
513
513
513
513
0
0
0
0
513
0
31591621
3079
513
2566
514
513
513
0
267998654
153955
1026
1027
1026
1540
513
1540
513
513
0
514
0
0
10777
514
0
4618
2566
147284
4267640
513
0
513
0
31287302
3593
513
514
39002
3079
214071204
10263
513
0
513
513
172430
513
2053
514
513
4668437
513
6671
513
171916
513
513
513
513
513
2052
217684534
5132
222572100
2566
703063
514
725129
2052
5645
1540
9751
12497062
3079
513
30791
513
513
513
4618
513
514
514
11804
1026
1026
32451204
11290
1540
33405726
8724
1027
3593
14882
12316
514
3592
513
513
513
513
33454993
2566
2053
33098843
3079
513
696391
513
513
513
12427269
2052
513
41055
513
514
513
513
514
513
513
0
27198
33357
514
4724887
513
513
1540
513
4783390
513
0
8103179
12511945
3079
10777
2566
264803
514
513
277120
5132
167298
2053
40028
0
13342
513
513
0
7687500
1026
513
0
513
38489
513
0
513
694852
513
2566
514
513
513
513
12365687
4105
513
5645
1539
0
513
0
514
513
514
513
513
514
33725440
3593
1026
0
513
513
514
513
513
513
3079
12554025
1540
39002
686127
12593027
3079
513
0
132890592
4619
4279443
1027
514
0
514
0
132042298
31607529
7184
7081429
514
0
513
0
7652090
2566
513
24633
0
31881570
3079
513
513
513
0
11519960
11796053
4618
514
513
513
2566
0
1027
0
513
513
34897
513
1026
0
0
513
31049698
2053
1026
513
0
513
7184
514
0
513
1540
513
10264
513
230420
513
1540
282764
0
31523367
3079
1540
513
10264
1539
0
0
11333674
1027
513
513
513
30914731
2052
3079
126695945
4105
4105
513
514
621979
513
0
1540
513
126496831
29251
2053
514
0
0
11777065
632243
1539
513
513
514
513
7027545
1540
6874102
513
3079
600939
0
514
627624
513
0
514
0
0
127489328
3593
513
513
513
513
0
3079
261211
513
1539
242736
513
0
614795
513
4106
513
1027
6672
513
3592
16422
0
4299457
1026
513
0
13343
0
0
513
2052
514
0
0
0
30861873
3079
0
513
2053
513
0
513
602478
0
513
0
337868684
3592
0
0
30971694
1540
514
513
513
0
3080
4629434
513
0
513
3079
34897
513
0
513
1027
513
513
0
513
0
7185
513
0
514
0
513
0
2566
514
0
513
513
0
126463473
3593
513
513
513
11934612
3592
34896
0
1026
3592
513
13343
0
3080
513
0
513
1540
0
514
0
513
257105
0
513
0
513
513
513
0
514
0
513
0
513
513
0
513
11293131
2566
513
0
0
514
513
1540
514
0
688180
1540
0
0
0
2053
513
513
0
513
2053
0
513
0
0
513
514
2053
513
744631
513
514
0
0
775935
0
513
0
513
0
23607
125735265
44647
7185
2053
513
6158
513
3592
0
514
513
0
250434
513
0
513
513
626598
513
0
513
10777
2566
625572
514
513
0
0
0
513
514
127330755
38489
1026
513
513
35923
330141157
13856
6672
1026
3079
0
513
0
513
513
514
0
11804
513
684075
4280983
1539
4293299
4619
513
513
513
40542
1026
2053
513
0
513
0
4472914
2566
513
0
0
513
513
513
127432365
3593
1027
635835
334074713
3079
0
513
4618
34897
1055620
513
1539
636861
4695636
5645
513
513
2566
513
513
36949
36949
513
15909
514
0
514
513
0
0
514
0
7698
1540
0
7698
11168941
1027
513
3079
513
513
513
513
0
0
0
513
0
0
513
513
513
0
10777
0
11225392
36949
513
0
0
34896
513
0
513
0
514
994038
513
513
4412357
3592
514
514
0
513
513
6671
513
0
0
513
0
0
0
513
513
514
513
513
0
513
514
0
11567172
1539
622492
513
514
514
11453246
2566
5132
513
14883
0
513
11214615
2565
0
36436
0
11273630
1539
0
0
513
513
0
0
1027
625571
4298944
513
513
514
0
230933
513
0
513
0
11878675
1540
0
2053
2053
1540
2566
2053
238117
513
0
1018158
513
332189788
5645
1027
513
0
6672
513
513
37976
513
513
513
514
513
513
513
623005
1540
513
0
0
1026
4316906
623519
514
332342203
4106
513
513
7184
2053
513
513
0
0
513
513
2566
514
0
513
513
513
514
680482
1064857
2566
513
513
514
513
513
0
0
513
0
513
0
1027
0
0
0
1026
514
513
2053
513
513
513
513
513
513
0
513
513
514
0
0
1540
37462
513
514
1040225
1539
513
0
513
513
0
513
0
514
1026
513
1540
0
513
0
0
246842
513
0
514
513
0
0
513
1027
513
513
513
246328
514
513
0
0
514
1026
513
0
0
664060
2566
0
0
0
11290
513
513
513
1039198
514
1026
513
0
514
514
0
513
513
513
0
0
513
514
4384646
1026
513
1026
514
513
0
513
513
513
1540
1540
0
0
514
0
247868
513
513
513
513
2053
513
0
6159
2566
7185
0
2566
0
1023289
513
342631547
262237
348750242
4106
251460
513
514
0
513
0
513
514
644560
513
0
514
513
0
513
37463
0
513
260185
0
513
3079
513
513
0
513
643020
29584557
4106
1540
514
2052
29749802
4629435
2566
513
514
3079
0
513
0
514
36436
513
0
514
0
0
513
0
513
513
514
513
513
513
513
0
513
1540
513
513
7185
513
1027
513
0
513
1026
7185
2053
513
0
2053
2566
513
0
514
513
513
0
1539
514
0
6158
0
1016104
513
0
513
1539
2052
513
35923
513
1006868
513
0
513
0
0
1539
513
0
513
335612214
3593
3592
514
513
0
514
513
513
0
3079
0
513
513
0
0
513
2566
513
0
343447510
4106
4486769
1026
1026
8724
513
513
0
0
513
513
513
513
513
344669915
4618
1540
1026
513
513
0
513
513
0
2053
513
513
256079
4603262
1026
1539
514
513
3079
513
0
513
513
344879808
3079
2566
9238
513
513
344124913
4105
6158
672271
513
1539
513
514
0
0
256079
513
514
0
513
0
2053
0
38488
256592
513
513
514
513
2566
513
269935
513
0
513
513
513
513
513
3079
38489
13343
513
1539
1077173
343825213
4105
342855809
3593
1093596
1027
1539
514
0
2566
2566
1540
513
8211
0
514
4557075
514
1539
513
0
0
513
513
514
0
513
38489
0
513
1540
513
513
2052
514
665600
0
0
0
513
32236180
16422
1540
10264
6527704
6158
514
1317344
4105
513
0
514
513
13343
513
944772
1027
513
2052
514
513
513
513
6005282
4105
1026
12317
25146
513
513
513
514
513
514
513
513
73385
513
513
5645
5124657
2053
513
513
32356778
2053
1026
5132
0
0
513
513
0
340119511
3079
230933
3080
513
2566
513
514
10263
0
513
513
513
513
2566
0
0
2052
2566
3079
1540
0
513
0
0
0
513
996604
997630
34896
513
513
513
513
514
0
513
1026
513
513
993525
513
0
1001223
513
514
0
0
3592
998144
513
2053
1026
0
7184
513
0
513
513
0
513
634296
513
624545
0
0
0
513
513
513
1027
1018158
0
513
0
11290
0
513
1539
513
0
513
514
513
600939
1540
513
0
0
2053
4105
0
513
0
514
513
1539
0
513
1026
0
513
0
1540
513
514
513
1027
57989
3079
10264
513
4106
0
513
513
513
0
46700
4220941
513
513
513
0
514
325359306
3079
513
10264
1539
325104766
5132
2566
1026
2052
513
47727
8724
513
9751
513
513
513
513
514
513
3079
30514960
3079
3079
513
2053
514
513
7184
513
513
513
514
513
513
7185
513
1540
19501
513
37462
332210315
3593
513
0
514
2053
513
0
2566
513
613255
0
0
0
514
1539
513
513
513
1026
1539
513
0
337714216
12830
644046
513
513
2566
514
513
513
513
641481
4105
514
0
513
0
0
0
39002
513
513
38489
4429293
1539
10264
513
0
513
514
1539
513
0
1539
513
0
1539
2566
0
514
513
0
1539
1027
513
514
342900968
3592
2566
514
513
513
513
0
341688828
31153874
6158
0
10264
513
0
513
10777
513
0
3592
513
0
238118
621979
514
513
513
2053
513
0
514
32516378
4106
1027
513
513
513
247355
3079
513
513
514
513
0
0
513
0
513
513
0
0
3079
1539
513
2053
10263
2565
513
37462
513
514
1026
513
513
0
1539
513
4410305
1026
513
340865167
11803
1027
513
513
513
0
513
4619
1026
513
513
1027
1540
3592
1027
514
513
513
514
513
0
5645
513
513
513
514
514
0
513
513
513
513
0
250434
513
0
1539
513
0
514
0
513
513
1539
0
659442
1027
9750
514
513
0
9750
0
324785566
3079
513
513
514
258132
230420
513
2566
513
1540
513
2053
600939
513
513
1027
513
0
0
513
0
267369
230419
230420
513
513
513
35923
0
1026
514
334287172
41568
513
513
2053
513
2053
1539
514
513
257618
513
0
513
339686897
4618
3592
1540
4405686
1026
514
513
513
346191506
3592
514
3592
513
513
1540
513
513
513
513
251973
1539
0
237604
514
513
513
513
0
513
0
513
513
0
3079
513
513
513
1540
0
0
513
0
513
513
4785956
1540
513
0
514
513
240683
1540
3079
0
1027
0
513
0
1540
514
0
513
513
0
9750
0
3593
0
513
513
0
0
2565
513
0
1540
513
4106
350442724
343214524
4106
2566
513
0
242737
3079
0
513
513
2566
10264
331751528
4619
514
513
514
513
513
30328160
3592
2053
4428267
1133624
2053
513
1068962
513
513
0
2053
514
334425218
3592
35923
2566
513
514
514
513
513
513
334480129
3079
513
0
514
4105
514
513
513
513
514
3079
0
513
514
1539
514
0
0
514
2053
0
4106
1540
0
0
513
513
2053
513
0
513
1540
10777
513
0
2566
514
513
0
30568331
17448
1026
514
513
10264
513
0
513
664061
513
40542
513
0
0
1027
513
513
3079
513
513
513
0
0
2566
0
513
513
0
513
513
513
513
0
0
345242115
4618
513
513
513
513
0
0
39002
513
514
1539
514
513
514
37462
0
0
2566
0
1539
649692
513
513
513
3592
513
0
513
0
513
2566
0
514
4403121
514
513
4554510
513
31525933
3592
246841
513
30636071
40028
513
513
513
513
513
0
0
513
39515
2052
667140
2566
0
514
513
2053
513
513
0
27712
2566
513
514
513
4105
0
513
513
514
39515
38489
38488
2566
513
0
0
513
11804
0
30986576
3592
31190310
3080
5132
513
514
513
513
513
0
0
0
513
513
513
0
513
2566
513
250434
247354
2565
10777
513
0
513
0
513
30633506
247868
3079
513
0
2053
2053
513
513
513
2566
514
514
513
0
0
513
231446
1540
0
2053
31363253
3079
513
513
29820109
4299457
3079
513
513
42081
29304358
1540
513
3593
0
34897
1539
357422543
3079
513
5645
1026
513
513
0
0
513
513
513
0
236065
21040
513
513
1539
340924697
22067
3079
337303155
3079
129584660
3592
514
513
513
513
0
514
513
0
615821
0
11290
0
1539
514
513
513
513
0
0
513
0
2053
513
513
513
1539
513
513
37462
513
514
514
513
513
0
0
0
4237875
514
4217348
514
0
0
513
0
513
0
513
0
1026
0
1539
513
513
2566
513
0
513
0
0
0
0
0
123614274
3079
513
513
7698
9238
0
513
513
1540
613255
45673
0
514
2565
514
513
513
0
513
0
513
513
9238
513
514
513
513
0
230420
513
513
2053
513
0
513
513
513
0
513
0
513
4251732
513
514
0
513
0
32985429
6671
513
513
513
14369
513
513
513
2052
0
9750
513
513
513
0
240171
0
513
513
3079
513
513
1540
513
514
513
1539
153507768
4106
36949
513
514
513
513
1540
513
0
0
0
514
513
0
1539
632243
1540
1539
0
0
514
513
513
513
513
0
513
4259429
1027
239143
513
0
2565
513
513
0
513
0
0
2566
514
4296891
1027
513
513
513
513
513
4370790
1540
514
0
0
513
513
513
0
0
4517047
2566
2566
514
514
653283
513
514
1539
514
124212134
3079
514
0
513
513
4285089
337125080
3079
514
9750
9751
513
29515277
1539
0
0
514
513
513
1539
513
513
513
0
0
0
513
0
127370269
2566
513
513
0
513
328585182
4270206
2753747
1539
514
326276879
3079
513
513
513
0
513
513
513
513
232473
331729462
16422
514
514
513
2662399
514
0
0
3593
6671
513
513
513
513
514
2642898
513
513
513
2566
2566
9751
513
513
29230460
2052
0
513
514
513
513
513
1539
513
2566
0
0
0
0
29226354
2566
513
1540
0
0
4256349
1539
513
513
514
0
0
333220262
42081
1027
2053
513
239144
0
514
7697
513
9751
239657
513
513
238118
513
0
0
513
0
0
4270719
2053
4319985
2566
4563234
1540
513
0
513
513
1540
513
0
3079
513
0
514
513
2053
0
513
20527
513
336914162
3592
1026
513
4254811
513
513
514
336517984
4106
782093
513
3079
514
514
0
513
513
513
513
285330
746170
1539
514
513
513
21041
0
513
1540
513
513
37496831
4106
514
514
5132
1027
514
993011
1540
38073650
12316
1027
1539
513
251460
12829
513
514
2052
513
513
513
513
1027
0
513
513
1540
514
513
513
2566
1026
2052
1540
513
1540
136619388
13343
513
513
513
514
0
513
0
3592
626084
513
3079
513
0
0
513
2566
514
0
1026
30206023
2566
0
513
514
2566
513
1540
0
513
35922
0
36949
513
0
514
514
0
0
513
1540
2643925
514
0
0
0
513
4466242
2053
34383
514
513
513
513
1026
513
330812401
8724
514
754894
514
513
1540
0
513
126096033
2566
513
513
0
0
513
513
513
0
3079
0
513
331138274
3592
2053
10264
514
513
0
0
130647977
3592
2566
514
513
0
0
513
513
0
513
513
0
0
2858436
513
0
1539
0
513
513
0
513
38489
513
342447827
3080
0
514
513
0
513
0
30893690
3079
647125
0
513
1539
1539
513
513
513
513
513
0
513
1540
513
513
0
513
513
514
514
1539
30872650
4105
4684345
1539
513
513
514
128547514
3593
0
9750
0
0
513
513
513
513
0
513
0
1539
513
2566
513
513
0
125470462
3079
330116524
3079
514
0
513
130799366
12316
1026
4106
1539
513
514
2574645
1026
513
1540
2053
514
513
15395
1539
513
2053
513
513
513
513
514
514
0
513
35410
0
513
513
0
513
514
4289194
1026
513
10264
10777
513
0
127072110
3079
513
513
3079
0
36436
513
37463
0
1539
513
513
513
513
0
0
1539
1026
1027
237604
0
513
513
1027
513
0
0
513
513
0
513
513
0
36436
237604
513
238631
513
513
1026
513
1026
0
0
0
1026
0
513
0
1540
514
238631
0
35923
125398103
2842014
1027
513
513
0
513
128519803
345683453
3593
362414798
3593
2848686
32166900
4448281
513
513
134309034
32069395
3080
0
32179729
3079
513
4619
1540
513
0
513
2052
0
513
0
0
513
513
513
513
30589885
7698
1027
1540
513
0
0
4738743
1026
514
1026
4105
1027
513
6158
513
2566
1539
2053
513
335960666
4578116
1540
513
513
514
262751
1026
514
513
4105
692798
513
0
0
513
513
513
514
0
513
513
2566
513
0
1540
0
0
0
513
34897
513
513
514
513
513
45673
1026
513
514
0
0
0
663547
0
1026
0
513
0
128624491
343098031
42594
1027
513
3079
513
9238
513
513
1540
0
513
330823692
7698
1026
0
340349417
7698
513
349243412
4106
513
242223
0
513
513
513
513
37976
513
513
1027
513
0
513
0
623519
514
514
0
2566
9237
513
343399784
1005841
1026
513
513
0
0
292515
513
35410
513
0
0
514
356473152
3079
0
6158
0
0
513
0
0
514
2566
0
0
0
0
11290
0
0
4618658
4938885
1539
0
513
513
513
41568
514
3079
714353
513
3079
0
31524393
31343752
2053
0
514
2052
513
513
31144637
42082
131604553
653797
514
4575037
1540
513
513
513
513
25659
513
514
133747610
2053
513
334225589
1026
0
0
514
1540
344578055
2052
4501139
513
2652649
0
128776907
2052
0
0
132415896
8211
47213
0
0
0
1540
513
74412
513
0
4518074
0
0
4406713
26686
513
513
0
336385069
5645
513
0
513
0
513
0
0
0
0
1540
0
513
513
513
1027
0
2053
0
1026
2053
9237
2053
513
333839162
6672
513
230419
513
0
128229853
46187
513
0
2689598
513
0
0
513
513
513
0
131834972
1026
0
0
0
0
513
3592
600426
0
513
4868579
0
0
513
12829
513
514
0
0
49779
0
513
1026
513
513
513
513
1026
513
513
271475
514
513
513
0
0
4440583
513
0
2566
0
0
513
29945838
2052
328181306
1540
0
513
2675230
0
263777
513
794409
0
513
0
0
1540
513
4863447
513
514
0
0
513
2566
0
6159
333901258
1540
513
513
0
29974064
1026
2053
513
513
513
628651
513
0
0
35923
0
0
513
513
3079
0
513
513
0
2661373
0
513
1026
513
513
34383
330653314
4619
513
1027
346399
0
0
0
514
0
0
46186
0
0
0
1539
0
1540
0
1539
514
29522461
513
720511
0
0
1540
29896573
3079
0
0
0
0
0
514
0
6158
513
6671
0
0
1026
2849712
0
2566
1026
513
2566
0
0
1026
513
34896
513
703576
513
791330
13856
0
0
1026
513
514
1026
9237
1026
0
0
513
0
0
0
0
0
0
0
29643573
1027
2837396
1027
4619
513
1539
35410
621979
7185
513
34383
0
1026
513
513
513
2053
513
0
2053
0
0
0
35410
29609190
1026
514
0
0
0
0
0
0
244276
513
1026
0
2053
229907
0
513
0
0
513
513
514
4491389
9750
0
0
513
0
2959020
6671
0
0
513
0
1539
0
2827132
242223
0
513
2633148
3592
4264561
513
2700375
6672
513
513
2053
513
0
513
0
2633661
35923
4251731
0
1540
513
1540
0
0
0
514
0
513
0
0
0
0
513
2053
18475
0
0
0
1027
2620318
0
231446
513
0
513
0
0
0
513
0
0
513
513
513
513
513
0
513
627624
0
4478046
514
30014605
514
0
0
513
329307745
1539
4256350
513
2053
0
2053
0
4561695
513
0
0
1540
2052
1540
0
513
513
513
0
4237875
29698997
1027
513
513
2566
0
513
0
0
0
2053
513
29998696
37462
513
513
11804
513
57477
513
304318
513
1026
1540
513
513
513
514
513
513
663034
513
513
748223
513
513
513
0
0
0
666113
0
513
0
0
0
0
513
513
0
0
514
2566
0
0
513
29402376
1026
513
3079
0
614281
2905135
513
513
2566
513
0
29478840
1026
0
1539
2673690
1027
513
513
2713718
1026
0
0
238631
1026
513
35923
514
2566
1540
513
0
0
514
30720233
2053
514
513
0
1029447
513
514
513
513
4434425
29998183
4106
513
513
0
0
0
0
513
513
0
513
0
9237
513
0
1026
0
1027
0
0
0
513
0
513
0
0
513
3079
513
513
230420
0
513
514
1540
29419825
1026
0
2053
513
335872398
37462
10777
0
0
0
0
0
3079
238117
5912396
1026
0
2053
0
0
0
2642899
0
513
1540
0
0
2566
513
0
0
513
0
0
0
513
513
288409
0
513
0
0
2566
513
0
654823
513
514
0
0
0
0
2566
0
252486
513
0
0
0
0
0
0
513
513
30836726
56964
513
513
0
513
4335380
345804052
4618
513
1027
660981
0
513
513
514
0
513
0
0
9750
0
0
0
0
0
0
1540
1026
0
0
0
3079
1027
35410
0
0
9237
638914
29541963
514
34897
0
2566
0
513
2052
0
2566
12317
0
0
622492
230933
0
513
9238
514
0
0
0
513
0
513
513
514
514
0
513
513
2611081
513
1539
1027
230933
1026
625058
0
0
0
0
600939
0
0
513
0
0
242223
243249
513
2053
0
0
1539
0
0
1027
0
0
0
0
1026
0
513
513
2566
0
1540
513
0
326302025
6158
513
0
0
514
0
0
35923
622493
0
513
0
1027
1026
514
0
513
34383
601452
0
0
0
0
1540
0
1539
0
12830
0
0
2566
0
0
513
0
0
0
2566
0
3079
2566
29226354
514
10777
0
2052
1026
1026
0
4208110
0
0
0
0
0
2588501
2053
0
9238
2052
9238
0
2052
0
0
1539
513
1026
0
0
35923
0
513
9237
513
513
0
513
513
3592
2566
4243008
513
4274824
9237
0
514
0
513
0
0
2053
627624
513
0
513
513
514
514
0
513
0
0
0
29583017
1026
0
10263
1539
0
0
2566
627111
0
513
2566
0
30017684
1540
514
513
36436
513
0
1026
0
35922
514
514
0
0
0
4463163
0
0
2566
0
513
12316
513
0
513
513
0
514
2565
0
0
513
513
513
0
0
0
0
1540
336675531
1026
35409
513
4243007
514
513
0
513
0
0
513
0
0
0
332132311
1540
251973
4206571
0
29735433
29177089
1027
513
335053356
1540
513
0
513
2729114
0
0
0
0
0
513
513
513
514
0
513
0
1026
513
11290
513
11290
0
0
333591807
627624
513
513
0
0
2566
0
513
0
37463
0
514
513
12317
0
0
0
0
0
0
0
2566
1540
2601331
30464668
1027
0
14883
1540
514
0
513
0
2053
513
513
513
0
0
513
35923
0
4254810
513
11804
0
0
0
0
0
0
513
0
513
513
0
513
0
0
2052
514
238117
513
0
0
513
0
513
0
657389
513
513
513
710760
513
0
1026
0
0
0
0
0
513
513
514
2052
0
1026
0
0
1026
0
0
0
0
0
513
0
0
0
2566
0
4266614
11290
2660347
513
30017684
31065607
328284456
2566
513
0
29038016
513
325566119
2052
255566
231446
0
0
514
0
0
513
513
0
514
29008764
513
4106
0
34897
0
0
513
1540
0
29452155
1026
514
1026
0
325120676
10777
513
514
0
0
0
2968770
1539
513
2703968
513
0
513
0
0
0
622492
513
0
328010928
2052
514
0
514
513
513
29382875
513
240684
0
513
0
1539
513
2751694
513
0
0
513
0
4271745
0
0
514
1540
621466
0
513
0
0
0
35923
0
513
0
0
513
0
0
513
0
0
513
36436
0
13343
513
1026
0
0
513
1540
0
513
514
0
0
0
0
0
0
513
2634174
0
0
0
239144
0
0
0
1539
0
237604
513
513
0
1026
0
0
4270719
3592
268908
0
35923
0
0
1027
0
34383
2053
1026
2053
0
4683319
513
513
0
34896
514
0
514
0
514
1539
0
513
0
0
0
0
513
0
0
4200413
2053
0
1026
0
623518
0
514
0
29860650
1540
513
0
514
3080
513
4231717
604018
330419302
1539
513
513
329834272
1540
6671
513
513
2722442
514
0
513
0
513
513
0
513
513
13343
513
0
513
0
513
514
513
4415950
30189601
1027
513
1539
514
0
0
513
513
1026
0
0
0
0
514
334937376
1539
514
2053
513
0
0
1027
0
0
0
0
1540
0
0
0
513
0
0
37976
37462
513
0
513
0
0
1026
0
339117774
209513102
1540
513
222561323
2566
514
514
0
513
513
513
4618
513
513
513
513
513
513
513
513
513
514
514
12087541
92373
371139443
2053
513
513
513
0
4105
620952
2565
0
0
513
2640332
513
10263
513
0
2803012
337871763
2052
0
513
329711621
1540
513
5645
0
513
513
0
0
0
1027
0
34896
0
4210164
0
0
0
0
622492
513
0
202432185
1026
0
29808306
4618
0
621980
513
513
2628529
204473118
1540
3005207
514
513
0
513
513
1540
0
0
0
0
0
0
0
0
5645
513
1026
29254066
1027
708707
514
513
0
204710724
2566
513
0
513
0
0
0
513
3079
0
513
513
29510145
2566
513
513
2566
0
1027
2053
64661
2053
0
513
0
0
513
2053
9237
0
2052
0
513
2566
47213
513
0
0
513
1027
1026
0
0
513
513
0
513
4541680
0
337055800
1539
0
0
0
0
513
0
1540
0
0
0
4399015
513
0
2053
513
0
513
0
513
0
0
0
0
2566
0
514
12316
0
2809684
2566
15909
513
242223
346084764
1026
0
0
0
0
0
0
0
0
0
0
0
0
3080
0
513
513
2681901
513
675864
0
10777
0
513
29677956
7185
0
513
2625451
0
1026
0
0
333715484
8211
9750
30214747
1539
513
246328
2052
0
0
2706534
0
0
0
513
1026
0
0
4349749
513
3593
513
4342565
38489
0
513
2053
642506
0
2053
513
0
0
1027
247355
513
513
37976
0
30570897
1027
249408
513
4386699
0
513
513
513
513
342406259
1026
513
0
0
0
513
513
3592
513
0
0
30780789
40542
0
0
514
3079
513
0
513
0
2566
513
513
10264
2566
0
8724
514
9237
2803012
230933
514
0
1540
0
0
0
2664966
0
513
2688572
0
0
0
35409
0
513
30135204
11803
0
0
0
0
0
0
0
321766
1540
0
0
513
1026
0
0
0
0
0
230420
513
0
0
0
1026
0
514
0
513
0
513
2053
0
2053
0
2053
513
0
2648030
0
0
0
0
0
513
0
2649057
0
513
0
513
0
0
0
513
513
513
0
2740917
0
333111467
1540
3079
1027
514
0
513
2566
0
0
513
1539
632243
252487
0
0
635322
0
513
0
0
0
0
241197
1540
2052
513
513
1539
0
0
0
36950
513
0
1540
0
513
2053
0
30850069
1540
4106
513
513
513
0
513
0
0
513
513
513
513
0
513
0
0
4334867
513
0
630703
2652649
513
1540
2635201
514
514
0
2566
1540
513
514
513
1026
0
2566
0
0
9237
513
0
9237
513
0
513
2566
4277904
514
513
1539
0
0
31086134
1027
0
0
10777
0
513
0
38488
4461110
513
0
0
0
0
0
0
0
0
0
2775813
247868
1027
0
513
513
0
2053
513
0
789791
2566
0
0
4300997
623005
0
1027
513
0
513
2628017
0
4291246
1026
513
344790513
1540
0
0
11290
0
0
0
0
2722956
0
38489
0
0
513
513
0
2053
2053
0
513
513
0
513
0
513
350461198
336125911
603505
3593
513
514
0
513
0
513
0
2791209
2053
513
1539
513
0
10263
514
513
513
2053
34896
0
29567108
2566
4454439
513
0
513
0
0
0
0
513
513
513
0
0
513
0
0
2617239
514
0
0
29659995
1540
513
0
0
0
514
254026
0
513
0
1540
1027
29668206
2053
1026
0
513
2566
513
0
0
514
0
514
0
1026
642507
0
0
0
0
246328
0
249407
0
0
513
513
9750
1026
36949
0
0
4512942
513
643533
0
1026
0
2727061
513
0
0
513
0
513
642506
0
0
246841
336305013
5645
513
0
0
0
0
0
513
513
3592
0
513
0
0
0
1027
513
2053
0
0
0
255052
1540
0
1027
513
11290
39002
0
0
513
513
0
2815841
0
0
513
255566
4688451
4106
0
1539
1026
1027
1539
514
0
513
2052
0
0
513
0
0
2721929
0
0
0
10777
0
2742970
30467747
1026
2816355
2565
513
256592
513
0
0
0
1540
513
344550856
1027
29826780
4619
34897
513
513
0
0
1540
0
0
513
0
0
29335149
1027
513
230933
601452
4477019
513
514
514
0
699471
0
34897
513
0
0
0
513
0
0
3079
4217348
0
0
2566
513
513
336639608
36436
513
513
0
0
513
32825315
2053
0
4951715
513
0
0
3079
514
1026
10777
0
9751
513
513
513
1540
513
3013417
338172489
1539
15395
513
0
264290
513
0
2052
513
0
0
1026
1026
8724
513
514
513
513
513
2596199
513
514
514
0
513
9237
0
2565
0
0
0
29977142
37976
4261482
0
0
333900231
1539
514
513
1539
1027
332697327
1539
625572
0
0
513
0
513
3079
0
2053
0
2053
2624937
29658456
1027
513
0
0
31361201
3079
0
0
2566
0
622492
2566
513
513
0
513
3079
513
336617541
3592
0
513
2566
513
34896
0
513
1027
513
0
0
34383
0
513
0
1540
634295
513
9750
0
0
513
0
0
513
0
30224497
2053
9751
0
513
4214269
513
0
0
513
258645
0
329461701
1539
513
0
2053
623006
513
0
2634688
513
0
29555305
1027
513
0
5132
0
34896
0
513
0
331502121
1540
30294804
1540
0
0
3079
36949
0
0
329586918
2053
1026
3593
0
1539
513
2566
1540
2799420
513
513
229906
0
514
513
0
0
1539
4251731
0
1026
513
4249678
513
0
0
513
0
0
1539
513
0
0
1026
1540
0
36949
513
0
513
0
330824718
3592
513
0
0
37462
1540
4267639
514
514
513
0
0
2052
513
513
513
0
2053
0
0
0
513
2719364
513
4371816
514
513
2053
513
513
513
513
0
0
0
514
2625963
514
513
513
0
0
1026
0
1027
336137714
1539
513
0
513
0
0
0
5132
666113
0
1027
0
665600
0
264290
513
332603927
1540
2053
513
9751
0
513
0
513
9751
723076
514
0
2565
30396927
1539
513
0
3593
238117
1540
1540
2053
513
0
0
1027
0
0
35923
0
0
0
2053
0
0
9751
513
0
0
237604
3079
0
0
0
513
3079
0
0
0
2635201
513
0
0
513
0
9237
0
0
0
2629042
1539
513
0
0
0
238118
0
1026
0
0
331791043
1027
513
29808306
1026
513
0
0
0
29736972
1539
0
513
0
0
9750
513
514
0
513
30545751
1539
4330762
1026
0
0
1540
239657
513
0
513
513
0
513
346881226
3592
0
1540
867794
2052
513
0
0
5645
513
326811104
7698
513
342807
513
9750
514
0
0
513
0
29503473
1539
513
640967
0
1540
0
0
230933
0
513
2641872
513
0
0
513
0
2566
2053
0
0
514
513
513
0
0
513
513
0
9751
0
0
513
513
2053
0
0
513
0
513
0
2639306
514
36436
622492
1540
0
35923
2631608
513
1027
0
513
0
513
0
1027
513
0
3592
2633662
0
31011209
3592
0
1026
0
0
0
513
600939
0
0
513
513
0
9237
0
0
4323064
0
0
513
1539
513
513
513
621466
1539
0
3080
0
0
341998278
1540
0
0
2053
513
0
0
1026
0
4819313
32621581
6671
36437
2566
513
514
9237
0
238117
0
0
334818318
1540
0
514
239144
29860650
1026
513
6672
620439
0
3079
0
514
2052
2651623
0
238630
513
0
513
513
4257377
40542
513
10777
514
0
0
29726709
1539
332672694
1026
620953
0
244276
2566
4321011
514
513
0
35923
0
513
0
0
513
513
1540
29679496
1539
0
0
0
0
513
37463
513
513
0
0
0
238631
514
0
0
513
513
2566
513
0
1540
2565
514
251973
4271745
513
799541
2566
1540
1540
0
513
329291837
2053
2053
0
0
30181904
1540
513
2628530
0
513
9750
513
0
0
513
1539
36949
0
334887085
1540
0
513
0
0
0
0
513
0
513
1026
0
513
0
0
0
0
513
0
0
0
513
0
30841858
349050968
1539
513
513
513
513
0
2566
1540
0
0
2052
514
0
0
1026
513
0
0
1027
2566
513
0
513
513
0
0
0
513
0
1026
2566
513
6671
513
513
0
12829
31932888
1026
513
1540
513
4392344
0
0
513
0
0
4632001
513
11803
0
9751
513
3079
34896
513
0
8724
0
0
0
513
513
513
0
0
513
0
0
513
0
0
0
6044797
1027
0
513
513
246841
514
0
750276
1026
4543220
513
0
1026
2566
513
0
4765429
513
0
514
513
0
1540
1027
514
0
0
0
1540
513
0
0
513
0
0
36949
0
1027
0
0
1026
0
0
341856126
4105
0
513
0
514
1026
0
0
629164
9750
0
622493
9750
0
513
0
0
0
513
513
10264
0
2660860
514
0
0
0
0
29600465
1540
513
513
513
513
37462
3592
0
0
1026
0
358041443
2566
513
513
513
514
1026
848807
513
2566
308937
346549195
1539
0
2053
513
0
2053
0
0
513
1539
0
0
0
513
6671
0
1540
513
513
0
2053
513
1026
513
0
513
0
642507
0
513
0
0
0
1026
2053
0
513
0
513
0
0
1027
0
0
0
246328
513
0
514
514
0
0
0
513
0
37975
0
0
0
513
2053
30194733
3079
2719876
249921
0
6158
0
513
0
0
4376435
2052
0
0
330571718
1539
3592
3079
0
0
513
514
9237
514
514
41054
6671
0
513
514
0
0
0
0
2739890
514
4243520
513
0
0
0
0
34896
513
513
513
0
2053
513
600425
0
0
0
1026
0
35410
1539
0
513
602991
229906
1027
0
29450103
1026
328656001
12316
513
230419
0
0
0
0
0
0
0
4272772
514
34897
0
0
513
1026
513
0
0
0
0
513
0
513
0
1539
0
4655094
4231204
29498342
1027
1540
29528620
513
513
0
513
513
0
0
0
0
0
514
0
4230691
10263
0
513
2053
513
0
0
1540
0
0
513
513
1540
2566
0
0
0
0
513
513
0
0
0
628137
0
514
1026
0
45160
0
327076420
1539
0
0
513
3079
513
0
513
8211
0
6158
6671
0
514
0
0
1026
513
513
1539
231446
0
4216835
10777
346363936
40028
34897
513
0
631217
513
0
10264
513
0
0
0
0
0
0
513
241710
513
513
513
0
513
4365145
513
513
0
0
333613874
1026
9750
0
513
330015426
6158
0
6672
0
0
1026
0
513
513
513
513
0
0
0
10264
634809
513
0
0
1540
2566
0
513
513
2820974
1027
0
513
0
0
513
0
2566
513
513
514
514
514
29650758
1540
0
0
0
513
3079
514
1539
3079
513
9751
513
0
513
514
0
1539
1026
0
513
0
0
0
0
0
0
513
0
513
0
11803
3592
1540
0
1026
0
514
0
514
0
0
2053
0
8724
0
0
0
329737280
12316
1027
6671
7698
513
513
513
513
513
513
36436
30896769
1539
513
0
0
513
240683
8211
513
0
0
0
7184
0
251460
513
0
0
513
513
0
0
513
513
513
513
513
513
0
2658295
4272258
513
514
1539
1540
2704994
513
627624
0
0
332649088
1539
4287141
513
0
0
0
513
514
2052
0
0
0
0
513
0
0
0
34897
2053
513
0
0
0
0
0
330983805
1540
513
630191
622492
2052
0
6672
17961
513
0
0
3079
0
0
513
514
514
29400836
637888
513
2658807
261724
0
513
324496643
1539
1540
230420
