0 5.5856e-05
1 6.9248e-05
1 7.2276e-05
2 7.4639e-05
3 7.6855e-05
5 7.9212e-05
8 8.1549e-05
13 8.4262e-05
21 8.6967e-05
34 8.9637e-05
55 9.2499e-05
89 9.5854e-05
144 0.000100282
233 0.000105807
377 0.000113058
610 0.000123533
987 0.000138416
1597 0.000160613
2584 0.000194976
4181 0.000249052
6765 0.000334697
10946 0.000471693
17711 0.000691934
28657 0.00111473
46368 0.00168762
75025 0.00273206
121393 0.00434013
196418 0.0069191
317811 0.0110895
514229 0.0177545
832040 0.0284732
1346269 0.0762259
2178309 0.12881
3524578 0.176159
5702887 0.262823
9227465 0.384818
14930352 0.583015
24157817 0.901573
39088169 1.53142
63245986 2.60247
102334155 3.9484
